0 0 0 0 0 0 0 2.5 0 0 1.57 -0.785 0 -0.785 0 -0.785 0 -1.57 0.785 0 0.785 0 0.785 0
0 0 0 0 0 0 0 2.5 0 0 1.57 -1.57 0 0 0 0 0 0 0 0 0 0 0 0
0 0 0 0 0 0 0 2.5 0 0 0 0 0 1.57 0 1.57 0 -1.57 0 0 -1.57 0 -1.57 0
0 0 0 0 0 0 0 2 0 0 1.57 -0.785 0 -0.785 0 -0.785 0 -1.57 0.785 0 0.785 0 0.785 0
0 0 0 0 0 0 0 2 0 0 1.57 -1.57 0 0 0 0 0 0 0 0 0 0 0 0
0 0 0 0 0 0 0 2 0 0 0 0 0 1.57 0 1.57 0 -1.57 0 0 -1.57 0 -1.57 0
0 0 0 0 0 0 0 1.5 0 0 1.57 -0.785 0 -0.785 0 -0.785 0 -1.57 0.785 0 0.785 0 0.785 0
0 0 0 0 0 0 0 1 0 0 1.57 -1.57 0 0 0 0 0 0 0 0 0 0 0 0
0 0 0 0 0 0 0 1.5 0 0 0 0 0 1.57 0 1.57 0 -1.57 0 0 -1.57 0 -1.57 0
0 0 0 0 0 0 0 1.5 0 0 0 -0.785 0 -0.785 0 -0.785 0 0 0.785 0 0.785 0 0.785 0
