   -0.992859 -3.35903e-11  6.35793e-12 -0.000393775    0.0155133   -0.0182599  -0.00912855    0.0109988      1.55025     0.903543   -0.0102112      1.24706      1.71715    -0.149875     -1.23513      2.82785      1.76984      -2.2282       2.3408     0.473824    -0.452553     0.469497     -1.35949      1.20212     -1.20107
  -0.834968 2.60948e-08  6.7706e-08 0.000728602  0.00650902  0.00124388  -0.0130179  0.00532569     1.32592   -0.228085  -0.0172811     1.27529    -1.09125   -0.124107    0.518198       2.791   -0.237104    -1.01857     2.19692   -0.609486    -3.15859   -0.557826    0.638737     1.43501    -1.68617
   -0.073031  2.04761e-10  2.15715e-10 -0.000146709  -0.00619908 -0.000856291  -0.00827856  -0.00644824      2.54809     -1.11145   0.00300274     0.857437     -1.85916     0.988611    -0.339321     -2.51384      1.41725    -0.228066      2.79076    -0.220955      2.14303     0.322249      1.65223     -0.06774    -0.117845
   -0.073031  2.04761e-10  2.15715e-10 -0.000146709  -0.00619908 -0.000856291  -0.00827856  -0.00644824      2.34809     -1.11145   0.00300274     0.857437     -1.85916     0.988611    -0.339321     -2.51384      1.41725    -0.228066      2.79076    -0.220955      2.14303     0.322249      1.65223     -1.56774    -0.117845
   -0.403741   5.0362e-11 -5.25702e-12  0.000318442  -0.00170596    0.0121115   0.00270511    0.0164549      2.34217     0.462427   -0.0232474     0.644133      1.93762      1.87897      0.83786      1.12011      1.43201       2.0402      2.43627     -1.68701     -1.34426      0.29367      2.14151     -2.06994      1.15127
   -0.842244  1.43313e-09 -5.45361e-10 -0.000200345   -0.0148364 -0.000999612  -0.00529888   -0.0110873      1.67982     0.858382    0.0152725     -3.08641     -1.92263     -1.83417      1.39039      -2.2247       1.4558      1.59975      1.18845    -0.558416     0.140841    -0.511564     0.545641      1.12338      2.08844
  -0.545607 2.15555e-09 3.84219e-09 0.000835181 -0.00205294  -0.0165774  0.00760053  0.00572508     2.33662   -0.563593 -0.00586028     2.06185     1.68563    -2.43095    0.925024     1.95937     2.00329     2.89054     2.90744     2.07121     1.76604     1.77055     2.52908     1.88778    0.300525
   -0.901315 -1.89725e-08 -5.49424e-08  0.000325566  0.000557888  -0.00398566   -0.0231853    0.0126666      1.47112     0.561475    0.0422846     -1.71038    -0.303925      1.97905     0.410819  -0.00686315      1.12658     -2.14297     0.264481     0.203256      0.84435  -0.00661471     0.948731     -1.30556     -1.44613
    -0.31116 -3.74963e-11 -6.63222e-11 -0.000176077    0.0259502   -0.0314138  0.000249474  -0.00646478      2.53829    -0.654357   -0.0208258      1.60976      1.44923      2.04339     -1.82416     -0.32091     -1.90317      2.89085     0.586182     -2.12116      1.28862      -2.0037     -2.17785      1.68354     -2.19247
    -0.43028 -6.01807e-10  3.76789e-10  0.000119167   0.00505604   0.00254489    -0.041251   -0.0223296      2.43437    -0.101968   0.00607386      2.86362    -0.898736      1.67551    -0.834529      2.64885      1.73932     -2.65501      1.24787      1.10437     0.539939     -1.41149     0.224425     -1.35689     -2.98046
   -0.535825 -3.31148e-12 -2.51503e-12 -0.000252943   -0.0508759   -0.0160306   -0.0324195    0.0322552      1.85416     -0.85793   -0.0154972     0.672623     -2.21106      3.07992      1.35315    -0.269094     0.681998      2.74686      0.69718      1.17587     -2.73655       0.9061      -1.5996    -0.971099      2.82637
    -1.14463  6.74906e-10  3.11895e-09 -0.000165131    0.0184979  -0.00162904  -0.00293733   0.00946471      1.13578    -0.949216   0.00547448      2.46968     -1.32049      3.11198    -0.590492      2.16974      1.77603      2.89008      1.09615      2.07098     0.925037      1.84433     -1.44865     0.456779     -1.40856
   -0.778372 -3.76387e-09  1.56191e-09  -4.2395e-05    0.0227011    -0.030504  -0.00271398    0.0403761      1.39201      1.56347     0.085416      -1.0691     0.174688     -1.56381      1.18952      1.40047     -1.05759     -2.74618      1.88855     -1.60137       1.8762      1.96635     -3.14817     0.392683      3.12794
   -0.666169 -2.99861e-10  1.15419e-10 -0.000947552   0.00117458  -0.00779735  -0.00284923 -0.000538362      2.20579     0.568183    0.0121115      0.62528      1.23577     -1.30158     -1.67275     0.623027     -1.64018      1.10304       1.7379     0.823974      2.40656     0.212212       2.8776      -1.2285    -0.834542
  -0.957585 1.95828e-09 6.19395e-09  -0.0010399   0.0298618  -0.0699972   0.0061715  -0.0184556     1.46028    -1.42971   0.0297368     -1.3184   -0.565181   0.0982615     1.34479    0.811792    -1.62772    0.146231    -1.12703   -0.682749    -2.40751   -0.295914    -1.10118     1.90358    0.822458
     1.21857 -1.39807e-10 -2.29033e-10 -0.000253292   0.00207842  -0.00869599    -0.012942    0.0142513    -0.299656     -1.29199   -0.0116647      2.89907     0.134423      1.13292    -0.868052      0.21187      1.44976     -2.68195     -2.45783      1.60945     0.732838      1.36107     -1.51404     -1.14019     0.747925
   -0.293791 -9.02681e-11 -1.20058e-10   0.00060774   0.00510176   -0.0168124   -0.0248785   -0.0027639      2.59387     -0.73339   -0.0133875     -2.59827    -0.204572     -1.64926     0.347427      2.11645     -1.14468      -2.0217    -0.782918     0.264752     0.832161     -1.53646     -1.54345     -1.66092      2.86226
    -0.14945  7.00203e-10 -6.36929e-10 -0.000731212   0.00685173   0.00414307  0.000521296    0.0025123      2.41529    -0.348685  -0.00475647    -0.373124     -1.59263      2.66528     -1.72674      0.64213     -1.53785     -2.43756      1.78105    -0.934101      -1.1825     0.635373     -2.84955    -0.656769      2.16928
   -0.582006 -1.39823e-09   7.6612e-10   0.00060371   -0.0125129   0.00915517   0.00613319   0.00761924       1.8169      1.12529    0.0279111      2.06714    -0.383935    -0.820097     0.214825     0.489969      1.21625     -2.03249      2.25442     -1.17313      2.65214     -1.57011     -1.63697       -1.886     -2.53072
  -0.0676247   -8.649e-11  8.70941e-11 -0.000763089   -0.0100641   -0.0146477    0.0269431   0.00515307      2.92832    -0.698202   -0.0277431     -2.59771     -1.46875       0.6945     0.386357     0.936008     -1.60814     -3.06467     -3.12349     -1.42581      -2.0119     -2.12861     -1.22154      1.62637      1.67962
   -0.196743  -8.5859e-09 -1.04903e-08  0.000198934    -0.013424  -0.00407388  -0.00670715    -0.015624      2.39693    -0.191166  -0.00590066     -2.66851     0.560414     0.733548      1.08973      3.09829     -1.35595      1.95201     0.259873     -0.84367    -0.758132      1.79187     0.689925  -0.00453501     -1.69528
  -0.0637437 -7.20587e-10  6.23587e-10  0.000798049   0.00321045  0.000839282   0.00316455   0.00042631      2.75335     -0.18099   0.00075894     0.797177  -0.00739599       2.0753     -1.54986     -2.07908       1.5283    -0.537089     -1.98203     0.358442      2.33356     -1.26502     -2.53733     0.811618     -2.21156
    -0.29513  8.90713e-11 -2.28654e-11  0.000219129   0.00510779  -0.00378949   0.00501232    0.0109053       2.6207     -1.48616    0.0014496      2.19142    -0.432486      1.46438     -0.99096     0.993653     0.631535     -2.86126      1.17443      1.67106      2.36253     -2.10025       1.1535    -0.534758    -0.123355
   -0.413976  1.33886e-08 -8.63516e-09  0.000883649  -0.00750789   -0.0109267   -0.0160543  -0.00330658      2.11888    -0.315991  0.000288894     -3.10565      1.66926     -1.60106     -1.20977     -2.69632      1.49879     -1.26975     0.823676     -1.02004      2.65103      1.71872     -2.86414     0.132502       1.8228
     1.53148  1.67392e-11  3.66357e-12 -0.000155974   0.00111617   0.00996014  -0.00333984  -0.00565302      0.35932    -0.877135   0.00153152    -0.152333      1.09918    -0.330216    -0.638537     -1.04664     0.699701      2.50358      -1.3892     -1.83353      3.04712      1.12505       1.5267      1.22489       2.0627
   -0.895727 -1.90076e-09 -5.37427e-09  0.000635331   -0.0252982  -0.00731701    0.0108908  -0.00631714      1.57774    -0.614069  -0.00641404     -1.71782     -1.12333     0.840616      2.06082     -2.01727      1.11758     -2.33384     -2.74531       1.7979      2.49962     0.114423       2.4445      -1.3911      2.33565
   -0.969303  9.67392e-10 -3.00656e-10 -0.000219445  -0.00216372   0.00320262  0.000388221   0.00388799      1.20754     0.391357   0.00169412     0.190668     0.324907    -0.136067    -0.973079    -0.111387    -0.389343     -1.27026     -2.62114    -0.773404     -2.27086    -0.466012      1.92341     -1.05862    -0.312047
   -0.455713   2.3048e-11  7.92652e-12 -4.20992e-05  -0.00115887    0.0198697    0.0140546   -0.0011669      2.42982     0.856917   0.00392324    -0.767002     -1.82016     -2.47147      -1.2731      1.94648   -0.0774144     0.312781     0.680686    -0.615124    -0.757033     -1.50009      3.04031     0.562809      1.87675
   -0.238166 -4.00179e-10   3.1496e-10 -7.77012e-05   -0.0432133  -0.00141938  0.000739266   -0.0190071      2.42481     0.149005    0.0156197       1.4863     -1.23341     -2.05471   -0.0714457     -2.70793     0.453295    -0.201499     0.973707     0.914002     0.177874     0.623368     0.288419      1.08326      1.44937
  -0.741207 5.98411e-12 2.05415e-11 0.000693435  0.00677155  0.00893104   0.0311884  0.00333016     1.88231   -0.456741   0.0230657   -0.898184    -1.54798     1.53413    0.795582    -2.36963     1.37083    -3.06562      0.2315    -1.72579    0.132001     1.72754    0.205817     1.81293    -1.82739
   -0.873336 -2.87043e-08   1.0551e-08 -0.000846316   -0.0179157 -0.000523902  -0.00638435 -0.000445831      1.50774    -0.645577    0.0103309      2.51157      1.06251    -0.125663     0.592503     -0.38032    -0.339074    -0.773119      2.64032     0.574989     -2.16716      0.91873     -1.98137    -0.109219     -1.47268
   -0.841709 -1.86601e-11 -4.56845e-12  0.000254909      0.01109 -0.000839145  -0.00386627   0.00122902      1.41923      1.58612   -0.0107942     -2.68464     0.349405      1.63369      0.17459      -1.6526     -1.37443     -2.26774     -1.63146     -1.95898     -1.62247      0.24312     0.030114      1.33436   -0.0732393
   -0.660529 -6.51809e-11   1.4433e-10  0.000312951  -0.00605185 -0.000283906  -0.00025424 -0.000532949       1.5881     0.864081    0.0040153      2.76022     0.469441      -1.2944     0.288453      2.88202     0.128822     -2.25569     -1.31032      1.40498     -2.31138    -0.200315     -2.65043      1.51715    -0.208195
  -0.0494155   5.1364e-10  9.02353e-10  1.10971e-05    0.0101528   -0.0173069   0.00228083    0.0341069      2.68507     0.088824 -0.000701181      2.85325     0.893252      2.29705     0.131815    -0.325708     0.191845      2.61271    -0.951564     0.876287      2.90442      1.61524     -2.96499    -0.400788     -2.56061
    -0.15546  4.00089e-10 -3.15654e-10    0.0001465 -0.000915594   0.00414291    0.0208429   -0.0153375       2.8467    -0.667814   0.00463969      2.17125    -0.064893      2.85778    -0.192925     -2.23586      1.48626     -1.76015    -0.565051    -0.301026    -0.710886    -0.284782     -0.38938      -1.0141     -2.19867
   -0.967266 -1.27522e-10 -1.67168e-10  0.000932708    0.0500074    0.0756078   -0.0545914    0.0218045      1.08391      1.96628  -0.00221722     -2.90414     0.336124     -1.58359      1.33873       0.4396      1.39496     0.504615      -2.5882      2.30617     -2.47863     0.397528      1.90915     -1.31902      2.78358
  -0.0515543 -1.14198e-10  1.04524e-10 -5.74201e-05   0.00222121   -0.0114248   -0.0210028   0.00650349      2.83563      1.37301    0.0025354     0.405437    -0.142636     -2.22627      1.76382     0.916417    -0.112426      2.89046      1.87966     0.457337     -2.02155     -0.41189    -0.426683      1.56034     -1.08787
    1.70844 5.67768e-09 8.50307e-08 -0.00114009    0.067477  -0.0130292   0.0253863  -0.0401702    0.539995   -0.203998  0.00632616   -0.831895   -0.268194   -0.981295    -1.36415    -1.32267   -0.869477    -1.06757    -2.88621    0.900631     2.50476    0.739719     0.68227    -1.66365    0.661312
   -0.017741 -4.05885e-11  6.09083e-12  0.000569405 -0.000687665  0.000789314   0.00202757  -0.00220612      2.82899    -0.743204 -0.000232413     -2.65466    -0.392113     -1.37861   -0.0270644      1.50646     -1.36492     -1.26297      1.19967    -0.297169      1.18539     -1.69836     -1.82754     -1.71551     -1.03776
  -0.0320322 -7.94493e-11 -1.39663e-10 -0.000605797  -0.00418122   0.00114077 -0.000360018   0.00535691      2.89051     0.473917   0.00328687      2.68145     -0.16942     0.645169     -1.45296     -1.31223      1.16392     -0.61965      1.02322    -0.277107   -0.0882437     0.767049     0.115722    -0.548824      1.88843
   -0.501803 -1.12269e-12  -4.0201e-13 -0.000206262    0.0102769   -0.0181713   -0.0305912    0.0204443      2.16877      2.18185    0.0335551   -0.0846671     0.521014  -0.00380542     -1.33612      2.52938     -1.58611     -2.58629      2.06288      1.69633     -2.67201      2.22014      2.91672      2.04215    -0.719819
  -0.762875 2.33719e-09 5.43082e-09 -0.00045535 -0.00231596   0.0127686  -0.0123362   0.0234889     1.62473     1.64671  -0.0142901     -1.6856     1.85978     1.83401   0.0821064    -1.25489    0.500291     1.82044    -1.36141    0.394404     -1.2086   -0.139087     1.11864       1.513    -2.33014
   -0.432783  1.26368e-11 -1.93141e-12 -0.000562373   -0.0179424   -0.0126714   -0.0406727   -0.0109732      2.42011      1.70828    0.0306464    -0.855505   -0.0472403     -2.63228      0.58521    -0.424396     0.895944     0.578949    -0.907935    -0.919253     -2.83194    -0.850715     -2.75424      1.70538      -0.2929
    -1.02446  -6.9239e-10  1.14698e-10 -0.000621061   0.00884291  -0.00750073  -0.00767874  -0.00262876      1.18264    -0.457943   0.00254253      2.03319       1.9058     -1.19059     -1.62065     -1.02581     -1.52184     -2.58289     -2.34633      1.89966      2.97548    0.0838557     0.273494      1.14224       2.6064
   -0.448732  1.52875e-10 -6.01354e-11 -0.000223307   -0.0913241    0.0251182    0.0114193   0.00491793      2.16863    0.0771413   -0.0120056      2.43835     0.485153      2.87368     -1.87764     0.246038     0.432628     -1.57483   -0.0897558     0.920267      2.91294     -1.06269      2.27141     -1.67722   -0.0434627
   -0.649548   1.3564e-09  2.77965e-09 -0.000254135  -0.00841037   -0.0117671    0.0305719  -0.00705112        2.042    -0.607985   0.00474237      2.51416      1.59449      2.57182     0.551516     -2.41369     -1.59136     -1.22546      -1.2661    -0.560297      2.34712     0.924687    -0.531104     -1.58805     0.134317
   -0.193481  7.34312e-10  9.42202e-10 -2.48835e-05    0.0058936   -0.0099816  -0.00665645   0.00852055      2.58415      -1.1898  -0.00193431    -0.665296     0.121515      1.28469     -1.28391     -1.29654     0.490341     0.784828     -1.02572    -0.544381    -0.634268      1.79815     -2.68758      1.96614     -2.24003
    -1.04843 -1.27057e-11  2.51161e-11 -0.000521878   -0.0422604   -0.0318893    0.0233547  -0.00241202      1.24402     0.849254   -0.0366789     -2.91056     -1.00727      2.17941     -1.41533     0.562989    -0.861878      1.62286    -0.594036     0.501244    -0.401403     -1.00139     -1.52017     0.709506       1.8885
     1.42082 -9.87086e-09 -7.51164e-10 -6.03823e-05   -0.0282991    0.0400563  -0.00136628   -0.0123482    -0.234201    -0.489148   -0.0342194     -1.69075      1.42345      1.21881     0.675486     -1.09675      -1.7439      0.85519      2.57541     -1.18371      2.75183    -0.904529    -0.288143    -0.832094    0.0429998
     1.18352  9.22746e-09  1.77595e-09 -0.000450896    0.0341592   0.00328141    -0.064973    0.0196766    -0.456554    -0.835458   -0.0268718     -2.53214    -0.907978      2.33906      1.72978      1.93465     -1.75376     -2.55786      2.08696     -1.37781      2.25455      1.45529      1.55227     0.122533      1.43616
   -0.328918 -2.34351e-09 -3.31817e-09  0.000476974   -0.0242312   -0.0240057    0.0117839   0.00136128      2.05887    -0.957552   0.00223175      1.37418      -1.8779     0.493245      1.46546       1.0854      1.61709    -0.525691     -1.79664      1.17497      2.88471    0.0548597      2.23966     -1.31425       1.9612
   -0.913897 -4.59733e-09  1.56552e-09  0.000424222   -0.0306181    0.0268625   -0.0379873   -0.0107711      1.45036     0.952741     0.018757   -0.0701401    0.0991729     -2.56276      2.04861     -1.42804      1.33977     0.182894      1.89949      0.74226     -1.01536      1.77899    -0.590186     -1.18828     -2.46127
   -0.231001 -8.12017e-11  8.45507e-11  0.000748717     0.028699  0.000477837   -0.0365952    0.0245558      2.90818    -0.941632    -0.018448       2.6711      1.48978   -0.0652358     -2.13792      2.45079    -0.545709      1.88994      2.71014      1.41215     -2.73567      1.08136     0.704551      1.90215     -3.03774
   -0.412452  -3.0385e-11  2.31601e-11 -0.000272499     0.018758    -0.050434 -0.000977986   -0.0143573      2.32207       1.3586    0.0310158      2.38398     0.274653      2.73048      1.50622     -3.17849      1.18345      2.63628      -1.6413     -0.45315     -2.73655    -0.466195      2.28027      1.30007     -1.16451
   -0.460349  5.30991e-09 -3.21364e-09  0.000802761  -0.00158052   0.00144222  0.000988176  -0.00540071      1.89712      1.01051   0.00154677     -1.87262   -0.0701223     -1.36302     0.991039     -2.81147    -0.131983      1.86174      2.54513     -1.92718      -1.8209     -1.48568     0.962521     0.577027      0.96792
    -1.06125  3.48422e-08 -9.05063e-09 -0.000456423   -0.0174787    0.0054877  -0.00296789    -0.022457      1.07293     -1.08382    0.0010835     -2.18941      1.94168     -2.73808     -0.85571    -0.242167      1.52675      2.78486      1.86315      1.46107    -0.486591     0.290056    -0.935255    0.0871201      3.05495
   -0.174201 -5.81442e-10 -7.20455e-10  0.000663057   0.00281066   -0.0181069  -0.00113233  -0.00676799      2.47588      1.16707  0.000455909      2.41212     -1.44533     0.373298     0.192874     0.956293       1.5507    -0.991336     0.426152      1.19936      2.88695     -1.33042       2.0258     0.873514     -1.08549
    -1.16574  2.56682e-09  1.25146e-08 -0.000768568    0.0151828   -0.0347303    0.0095903    0.0155236      1.04792     0.793673  -0.00186278      2.46001      1.17871     -1.24616     0.945516    -0.431371     0.698326      1.21584     0.704931     -1.03016      1.00039       1.5119      2.29241     0.111478      1.84596
   -0.375874 -4.36717e-11  1.44437e-11 -0.000942527   0.00350181   0.00042353  -0.00427939  0.000292983      2.79457    -0.956217  -0.00294702     -1.70357     -1.10969     -1.68641    -0.519071    -0.156704    -0.273306     0.367133      1.03728     0.674014     0.713854     -1.64804     -1.22292     0.958693     0.847463
   -0.891389 -2.35377e-08  8.31903e-09  0.000837329  -0.00198324   0.00644182    0.0223002   -0.0308877       1.3725   0.00490873   0.00143313       1.8258     -0.50858     0.823083      1.70657      -2.8944     0.511549   -0.0340284      1.72781    0.0880498   -0.0792292    -0.904027    -0.779577     -1.79794      2.18908
     1.21173 -1.08201e-08 -1.97266e-09 -0.000464382   0.00202218  -0.00516935  -0.00110843  -0.00331845    -0.572739      1.15451  -0.00068834     0.409137     0.417646     0.882742      1.94868       2.3788      1.60558      1.35337    -0.342708      1.12697      2.95745      1.88717       2.5048     -1.69088     0.739665
   -0.761579  2.69675e-08 -1.27641e-08  0.000204432   0.00486932  -0.00529931  -0.00863443   -0.0103924      1.82713    -0.477949   -0.0104989     -2.27963      -1.7643      2.22562    -0.644986      1.17599    -0.585009     0.511866     0.205896      1.14687       2.9789    -0.240309     0.927319    -0.559814      2.38375
  -0.0716675  1.89001e-10 -3.73747e-11 -0.000891625 -0.000173568  -0.00228111  0.000438561   0.00173657      2.67962     0.311626  -0.00599052     -1.85552     0.140637      2.78436      1.82599    -0.668071      1.75758      2.79349      2.98809     -1.01481     -2.42816     -1.46782     -2.80314     0.610782      1.63068
      1.1189 -4.98609e-08 -1.17829e-08  0.000779466  -0.00448013   0.00625298     0.028837   0.00170281    -0.379356    -0.907894  0.000268152      2.42261    -0.345442    -0.949158    0.0776163      2.86414      1.12206      -2.4135    0.0981375     -2.14653    -0.152965      0.27629      3.05638    -0.521636      1.64644
   -0.670753  1.50837e-11 -9.41249e-11  -8.6172e-05   0.00500397  -0.00222566 -0.000498308   0.00465203      1.73607     0.955568  -0.00299942      2.98278     0.609859       2.3449      1.56198     -2.51552    -0.141791       1.6536      1.08996       2.0243     0.584083    -0.867314      2.29603    -0.757674      3.09389
    -0.51569 -6.48272e-11  1.05103e-11 -9.71257e-05   0.00232768 -0.000685147   0.00910035  -0.00670712      2.13598     0.399432  -0.00867315     0.406498     -2.00497     -2.96976       1.4637      1.12049      1.43241    -0.186425      2.77604      1.83178       1.5597      1.15204    0.0556655     -1.62225      0.43624
   -0.541377  2.14086e-10 -2.73105e-10 -0.000436843   -0.0066438    0.0128842  -0.00503918   0.00308671      2.39608     -1.20148   -0.0131686     0.705402     0.358544    -0.860057    -0.114471     0.194188    -0.820319      3.09849      2.73347      1.72553      2.04201     -1.81747      2.44287     0.482089     -1.78195
    -0.67602 -3.66197e-08  1.76613e-08 -0.000751578    -0.015321    0.0230797    0.0028563   0.00111477      1.59333      1.39302   -0.0102909     0.491036     0.176805      2.21575      2.08516     0.466604     0.854053     0.971589     -1.49975      1.93999     0.522245     0.796419      2.25585     -2.06787      2.29112
   -0.359887 -4.10184e-13 -3.62379e-11 -0.000673294    0.0185838   -0.0524885   -0.0378809   -0.0120709      2.10693      1.68135    0.0502189    -0.265773   -0.0416426     -2.41646      1.23038      1.81619    -0.980085    -0.742799    -0.152561     -2.16388     0.679285      -1.7022     -2.87366     -0.24306      2.07143
   -0.162693 -4.07117e-10 -4.27488e-11  0.000258389     0.016091    0.0203903   -0.0034347   0.00873631      2.82487     0.107366    -0.007523      1.69054     -1.72893     0.981416     -1.07453     0.888504     -1.15245      1.44407      1.78671       1.6679     -1.49647    -0.572186    -0.450425     0.392375      1.78965
     1.31148  1.86932e-09 -1.43399e-08  0.000341697  0.000231776   0.00291139   -0.0106915   -0.0164289    -0.328522     0.315828  -0.00880362      1.55525    -0.660148      1.96722     -0.18561    -0.528037     0.695146     -1.20194      1.02289     0.249932      -1.8857    -0.903828     -3.02884     -1.07576      1.32487
   -0.636906 -8.39858e-09  4.22027e-09 -0.000789287    0.0530145   -0.0752007    0.0583346    0.0206694      1.78562    -0.325731   -0.0524033     -1.70398    0.0560673     -2.05168     -1.76547      1.92733     -2.04683      1.91045    -0.900315     0.742064     0.679223    -0.448435     -1.98066      1.19529      0.34127
     1.23529 -1.75354e-10  3.63067e-11 -0.000923122    0.0275128   -0.0173805  -0.00897188   0.00198391    -0.366052     -1.14275    0.0121811    -0.665557     0.566951      2.88604     -1.28112     -1.28665      1.68474     0.104121      1.56058      1.82089     -2.52459      1.35077      2.50741      1.20195      1.36908
     1.23042 -3.38061e-09  1.91326e-08  0.000770346  -0.00605575  -0.00624176  -0.00964107  0.000115536    -0.483954     0.749404   -0.0282392      1.04871     0.854424    -0.212911     -1.29826     -2.72771      1.38053      1.60667      2.56684    -0.309227     -1.15324      1.12707     -2.05865     -1.63109    -0.902664
   -0.684885   -2.045e-09 -4.39479e-09 -0.000250037   0.00694956 -0.000413568 -0.000420703   0.00724788      1.73737    0.0172585    0.0130313      2.65596     0.267931      1.22655     0.720132      1.90309     0.998211  -0.00784151      2.68202   -0.0346744     0.963417    -0.568694      2.28616     0.290368      -1.5399
   0.060137 1.10472e-09 9.94175e-10 0.000422372  -0.0187348    0.006285  -0.0105576  0.00124654     2.55286    0.107498  -0.0045799     1.34144    -1.26934      1.2776    -1.15664     2.89997     1.10566    -1.21271   -0.718285    0.988278   -0.719443     1.63881     2.31061    0.782737     2.38411
    1.38574 9.99224e-09 9.25411e-10  0.00105944 -0.00337771 -0.00251249 -0.00981358  -0.0161202   -0.233124    0.765959  -0.0066836    -2.75042     1.09558    0.250812     1.54536     1.16264   -0.375304    -1.32325     2.69384     1.43915    0.113301     1.89396   -0.492304     2.06059   -0.288964
   -0.783322 -1.75033e-09  7.69665e-10 -0.000841224   -0.0435982   0.00663875     0.017461  -0.00832287      1.68397      1.84363   -0.0532331     -0.37213    -0.141457     -0.30843   -0.0214099    -0.977095     -1.39512     -2.99747     -1.36971      -1.7242     -1.51562     0.486507    -0.952365    -0.670217     -2.14276
      1.3386  5.22341e-11  9.09997e-11 -1.92759e-05  -0.00559867  0.000780036    0.0189469  -0.00257949     -0.24284     -1.52639  -0.00764513    -0.170114    -0.258175    -0.593531     0.270859     -1.15018     -1.55028     -1.18322     0.378241    -0.427272     -1.68111      1.22493     0.290681   -0.0372297    -0.502643
   -0.512925  -3.0099e-10 -5.08906e-10  0.000138845   0.00816598  -0.00040409  -0.00758543 -0.000680184      1.98959     0.908886   0.00758876     -2.78746    -0.260446      -2.3912     -1.13585     -1.45268      1.30489      2.23876     0.329571      1.27464     -2.22276      1.97125     -2.70154      1.53012    -0.250541
   -0.828361 -3.76508e-10 -1.09667e-09  0.000780207   -0.0316119    0.0522104    0.0356093    0.0188718      1.53252    -0.877347   -0.0567591    -0.331798     -2.02981     -1.94175    -0.329682     -2.53589     -1.61358      2.08047      1.58452       0.6379     0.496004      0.77245    0.0690777     0.867694      2.41681
     1.52519 -3.80931e-10 -5.59925e-12 -4.14991e-05   0.00378474   0.00289723   0.00636951   -0.0113301     0.146216  -0.00349597  0.000991739     -0.37327     0.367075     -2.43509      1.54604     0.593548     0.539417     -2.75867     0.631929    -0.817839     0.913462     0.622566     -2.55271    -0.183472      -2.3797
   -0.393881 -7.67864e-11 -9.44191e-12  0.000287415   0.00693051   -0.0100571   -0.0134383    -0.014593      2.69278     -1.23998  -0.00456813      2.40432      1.18653     -1.01505     0.510199     0.719097     -1.85513    -0.792448      2.92309       2.0807     -2.44568     0.265121      2.29655     -1.25956     -3.03473
    -1.02864 -3.55946e-08  9.87941e-09 -0.000566906     0.023058    0.0306623   -0.0403319    0.0283085      1.23121    -0.874689  -0.00713282      2.32499    -0.275994      0.39971      1.71102      1.02151     0.987986     -2.63989    -0.844239    -0.190573     -2.60786      1.84662     -2.45656    -0.338831      2.27056
   -0.137932  9.06797e-10 -7.99795e-10  0.000823021 -0.000949231   0.00493446  0.000170125    0.0028037      2.59364     0.493184  -0.00532206     -1.83693    -0.255419       0.2464      1.54772     -2.14437     0.508085       -1.741     0.546236     0.791831     -1.83121     0.828326     -2.48921     -1.80234      2.55243
   -0.856781 -4.53965e-10 -1.23561e-09  0.000945802    0.0104342   0.00705297   0.00221081   -0.0288991      1.62995    -0.803917    0.0308486      1.06683     0.875862     -1.66888     -0.79642      2.69619    -0.402277     -2.06403    -0.881251     0.681855       2.9875      1.77905       2.7488    -0.338895     -2.70718
   -0.380735 -1.22128e-11 -3.53403e-14  0.000432241   0.00137865  -0.00190843  -0.00279993   0.00934023      2.23313      1.45665  -0.00251955     0.899907     0.354411     -0.50103   0.00627636     -2.76902     -1.84066      2.07514      2.34663     -1.14952     -2.59501    -0.882336     0.343992    -0.293882     -1.81623
    -0.77376  1.40142e-12  5.45415e-12 -0.000391234   -0.0305743    0.0248273    0.0308682  -0.00819689      1.73577    -0.922965    0.0260431       2.2605      1.16696      2.73424     -1.02762      1.51848     -1.89644     -2.90934      1.17376     0.561045     -1.12063    -0.647298    -0.463617    -0.146201    -0.475372
   -0.141486  1.46919e-10  3.62644e-10  0.000692266   -0.0192028 -0.000939219    0.0224084   0.00908031      2.53389     0.181083  -0.00436337    -0.705529     -1.03685     -1.02468      0.88065     -2.61544     -0.37561    -0.856108      1.33215    -0.901484      2.00867     0.504059      1.18024     -1.97797    -0.660525
     1.40154  5.49673e-09 -6.19656e-08 -0.000189999     0.012746  -0.00975211  -0.00672933   -0.0011875    -0.118138    -0.636157  -0.00910247      -2.7211     0.310724    -0.619089    -0.934414      -2.8605     -2.05423      1.69489      2.17048      0.19523     -1.82709    -0.901113    -0.583912     -1.21742     -2.41222
   -0.910249 -1.22644e-11  3.30782e-11 -1.22696e-05    0.0220498  -0.00493215  -0.00236186    0.0353048      1.41284    -0.754357   -0.0634464     -2.52837     -1.41542     -2.47172     0.672256     -3.12126     -1.23131      2.02418      2.00464     -1.64255    -0.219264    -0.570438     -1.70522    -0.341128     -2.67099
  -0.542266 2.86604e-10 5.56404e-10 0.000803405  -0.0458607   0.0172772   0.0149284   0.0167794     2.31513     1.39527  0.00159505    -2.32726   -0.454702    -2.26299     1.77499     1.98162     1.90793    -2.73661     3.09263   -0.114721    -1.51679     1.13102    -2.18801    0.235686     -1.8561
   -0.287248  6.83721e-12 -1.58723e-11  -0.00101096   0.00437932 -0.000214398  0.000990078   0.00241713      2.23419     -1.55658  -0.00250416     -1.31534      1.31851      3.07289    -0.746981     -1.36091     -0.23405     -2.46599      2.54946     0.107715     -1.87663      1.58945     0.354966      1.15749      2.63846
     1.37541  1.96984e-09 -1.87992e-08 -0.000572808    0.0140368   -0.0159075  -0.00264415   -0.0212284    -0.207787      1.17226   -0.0222649    -0.738286    -0.168505     -2.34908     -1.45174      1.69494    -0.773784      2.92382     -1.51407       0.3363     -1.32843      -1.4192    -0.280429     0.948582    -0.998635
  -0.872685 1.30309e-08  3.5899e-08  8.6644e-05 -0.00315305   0.0307006 -0.00749862 -0.00227089     1.35201   -0.573358   0.0479171     1.49732    -1.09519   -0.554384   -0.875755     -2.9065    0.950754   -0.769516    -2.14218    -1.34039     2.81136    -1.88606    -3.04085   -0.541479    -1.33031
  -0.298559 6.21404e-11  2.4259e-10 0.000647637  0.00963873  0.00823157  0.00843185  0.00282024     2.41986   0.0554333 -0.00832569   0.0537862   -0.959178    0.516965   0.0879241     1.65707    -1.64425    -2.81432    0.641245    0.823766    0.494479    0.226708   -0.316227    0.533711    -1.51004
    1.28222  4.2552e-09 6.01849e-10 -0.00012185   0.0129772  0.00966695  0.00152598   0.0114603   -0.412727     1.00732  0.00215446     0.25415   -0.766711   -0.824781     1.68042    0.662507   -0.266467    -1.14617    0.397144   -0.306556    -2.57194    -1.92151    -2.22289     1.07026    0.132282
   0.0378086  3.71504e-11  1.32318e-10 -0.000764775   0.00229692  -0.00254264   0.00225431   0.00391288      2.66501     -0.21164  0.000642129     -2.80082      1.40851     -2.07583    -0.735926       1.2425     -0.64023    -0.416878     -2.40059     -0.94663    -0.764609    -0.270467     -2.77336     0.774353       1.7048
  -0.082539 6.53798e-10 7.22151e-10 1.36599e-05  0.00579331   0.0116191 -0.00201935  -0.0177676     2.70319   -0.749454 -0.00849763     3.10193   0.0351918    0.199867    -1.31102       1.158   -0.930189      1.9638     2.44629   -0.432439     2.92842   -0.105072   -0.674739     1.82255   -0.569132
     1.09212 -1.20059e-09  4.85188e-09  0.000485027   0.00722435    0.0277106     0.021347    0.0405553    -0.520522      1.11664   0.00558905     -1.41148      1.65942     -2.74217    -0.395853      1.77968      2.00292      1.61339      -2.0091     0.292247      2.34015    -0.703754      1.58336    0.0710001    -0.547007
 -0.00771388 -3.97378e-14 -5.03082e-14 -0.000177531   -0.0291271   0.00189489    -0.016805    0.0119473      2.52674     -1.38605  -0.00662758    -0.670083      2.13845     -1.29689      0.41162    -0.727536    -0.408962     -2.65374     -2.87769    -0.957994     0.466279     0.214159      1.02189      1.27236   -0.0264602
   -0.825864 -2.45166e-08 -6.27094e-08 -0.000574732   -0.0167957      0.01258   -0.0228245    0.0124433       1.5033     -1.08529    0.0172218     0.694022     -1.12666     0.363899     0.758099    -0.303792     -1.90369    -0.656996     -2.65367      1.66242     -3.06725     0.561882    -0.870026    -0.557561     0.205254
  -0.345203 1.42889e-09  2.0867e-09 0.000281791  0.00772842  0.00291846   0.0193285   0.0399016     2.25692    -1.02213  0.00677054    -1.46187     1.17134     1.82256   -0.178058    0.133698   -0.694714   -0.307642     2.47029    0.340331     1.90165    -1.99936     2.77632   0.0302358    -1.16343
   -0.344011  7.48051e-11 -4.60919e-11 -0.000152277 -0.000173218   -0.0271426    0.0250051   -0.0243774      2.27583     0.610626    0.0419763    -0.504805    -0.588094      2.59142      1.63153      3.09514  -0.00372902     0.111979    -0.113949      1.75131       2.5722     -1.35058      2.16891      1.89891      1.15234
   -1.14494 -2.8539e-08 6.15444e-09 0.000323477  -0.0501079  -0.0151092 -0.00998928  -0.0086962     0.96851   0.0270957  -0.0205264   -0.997242   -0.246866   -0.885831    -1.05893   -0.749946    0.521717     1.70848     1.55917   -0.285532   -0.751725     1.32673   -0.117172   -0.977432   -0.290804
     1.24253 -3.27892e-08 -5.39573e-09  0.000669721  -0.00104989    0.0115734   -0.0136633   0.00607927    -0.483696    0.0104389  -0.00621867     -1.36937      1.31372     0.580581      -1.5365      1.35201     0.185292    -0.315029   -0.0757328     0.552792      1.24626     -2.01458    -0.288742     0.717043       2.9461
 -0.0168302 6.28266e-10 -8.5752e-10 0.000358283  -0.0183663  0.00982203  -0.0149998    0.018357      2.7382  -0.0750974   0.0195467    -2.60501    -1.05021     2.78295     2.01481    -2.65268    -1.93925    0.706298   -0.993201     1.32555    -1.53717     1.86715  -0.0848626    -1.61122    -1.53242
   0.0406394 -1.34712e-10  7.75352e-11 -0.000878577   0.00157734 -0.000558494  0.000426955     0.003076      2.60249    -0.683615 -0.000424122     -1.65178      1.50648     -1.52958    -0.783584      2.53957      1.54599     0.939666     0.961589     -1.64913     0.551547     -1.46137     -1.78081       1.4543      2.28016
   -0.341858 -4.07991e-09 -5.77531e-09  0.000938421    0.0122865    0.0102551   0.00125812   -0.0213073      2.24578      1.42063   0.00733199       2.6304    -0.799503      1.97026      2.07255      3.10942     0.949028     0.409123      2.40881     -1.11094   -0.0511486      1.52176      1.78213     0.353919      1.64974
   -0.194515  1.27687e-10  1.50723e-10 -0.000504825  -0.00922666   0.00837972   0.00243421    0.0278939      2.46696     -1.03408   -0.0176512      -1.9217     0.887372     0.494417     -1.50569      2.87411      2.00148      2.50135     -2.51131  -0.00174201     -1.48562    -0.101455      2.04135    -0.269816     -2.10693
     1.23657  6.37547e-09  1.07127e-09 -0.000699074    -0.028985    0.0162388    0.0271891   -0.0127148    -0.325775     0.677413   -0.0116853     0.186862       1.1027   -0.0554975     0.377077      1.58441     -1.81362     -2.92849     -2.94554    -0.163061      1.25674    -0.130159      1.73169       1.5935     0.171507
    -1.10623 -1.38299e-09 -6.60444e-09  -0.00057007   -0.0255935   -0.0264576   0.00432512     -0.03114     0.996602      1.07429   0.00335501      1.95531     0.216428     0.325604     -1.81743    -0.917348   -0.0182865     -2.43961     -2.28131    -0.719852      2.40449      1.82842      1.71687      1.94521      1.79031
   -0.682943 -2.06373e-09  9.54234e-10 -0.000287041    0.0461893    0.0289459   0.00907015   -0.0569715       1.8783      0.30198  -0.00955092      2.22379     0.721254      1.92514      1.99136      1.87832     -0.72782     -1.49979      2.33168      0.53015    -0.983257      1.69748      -3.0693     -1.63739      1.34497
   -0.633488  7.27283e-09 -4.71497e-09  -0.00107907  -0.00632124    0.0165986  -0.00114973   0.00985449      2.16165      1.17911   -0.0107637      1.51163      1.56106     -2.22124     -1.60015     -2.56456      1.02807     -1.62614     0.239249    -0.589359     0.668042     0.420462     -1.20146     -1.70346      1.65427
   -0.411665 -4.34843e-09  2.85918e-09  0.000579488   -0.0127289   0.00219627  -0.00559254   0.00802213      2.09674   -0.0693706  -0.00361669     0.596957    -0.486537       1.8032     -2.03277     -1.46715     -1.04155      1.14555      1.08974     -1.13865      2.36506    -0.156415      1.72757    -0.595597      1.73959
  -0.949203  -3.915e-09 1.28241e-09 0.000956357  -0.0162923 -0.00688128   0.0521191 -0.00414912     1.53175     0.62385   0.0418073    -2.94921    -2.10157    0.629917    -1.68848    0.329077    -1.14355    -3.14341     1.44604     1.52249     2.65768     -1.3324    -1.52392    0.495894    0.561697
     1.36175 -4.60306e-08 -4.80712e-09 -0.000110361   0.00423304  -0.00810971     0.014965    0.0059828     -0.22003    -0.395882   0.00887793     -1.83687    -0.364481     -1.85869     -1.29452     -1.08271     -1.71279    -0.479018     -1.44813    -0.393393      1.58777      0.58465     -2.12882     -1.95714     -2.32276
    0.101977 -2.27275e-10 -3.33102e-10 -0.000701836   0.00652321  -0.00978787  -0.00555842    0.0048215      2.53147      1.07459   -0.0157412     -2.36029    0.0642988      3.12396    -0.894958      2.24219      1.15942     0.486754    -0.870204      1.82545      3.10512      -1.2281    0.0464548      1.09057      3.04571
   -0.104809 -6.38489e-11  3.36005e-11 -0.000817953  -0.00497903   -0.0205267   -0.0211675  -0.00507192      2.32379     0.024895    0.0143194      -2.6781      1.91751     -3.10596    -0.422242      1.30529      1.16487     0.705448    -0.817897       1.9908     -2.53965    -0.316099     -2.11501      2.01924     -1.08757
     1.2266 1.02607e-08 1.82152e-09 0.000931766   0.0240067  -0.0199863  0.00702068  -0.0122259   -0.291203    -0.19744   0.0138401     2.13086   -0.890163    -2.27011    0.430915    0.842422     1.10393   -0.333622   -0.172757    -1.23826    -1.01279     2.05735   -0.202056    -1.33639     2.92961
   -0.151495 -1.35798e-10  7.79837e-11 -0.000663931   -0.0285675  -0.00870633    -0.047683    0.0427087      2.53881      1.85901    0.0152839      1.16548    -0.100983    -0.293282     -1.37256       2.0755      1.25399     -2.34537     -0.42911     -1.32476     -2.55645      2.38979    -0.711981      0.56001    -0.384994
    -0.80282 -2.71465e-09 -6.72663e-09   0.00101316  -0.00286389   0.00204447   0.00782428   -0.0101307      1.36576     0.358104   -0.0114656     -2.12908      1.57435      2.75499    -0.389447      1.05671     -1.70036   -0.0455125       1.7761     -1.66481      2.88557      1.38065     -1.09442      1.94411      1.50347
   -0.821394 -1.79178e-10   1.1069e-10 -0.000850938 -0.000781139  -0.00729209   -0.0239017    0.0110204       1.4908    -0.230395   0.00147119        2.561      1.42595        2.647     0.380217     0.286543     -1.24559    -0.297173     0.957423    -0.422451     0.335385     -1.96864      2.60722      1.50668      2.17516
   -0.338952  -2.1606e-09  1.53869e-09 -0.000158141   -0.0251423    0.0256756   -0.0321025    0.0052201      2.25651     0.394675  -0.00546149      2.42016     0.109622    -0.299566     -1.36865    -0.593926    -0.455874    0.0881139      1.11394    -0.214247      1.42003    -0.929632     -1.36763    -0.805112     -2.32178
    -0.35047 -3.23113e-10 -1.45713e-10 -0.000895366    0.0052533   0.00648985  -0.00884598   -0.0136651      2.74469      1.09344  -0.00248124     -2.54027     -2.01064     -1.11643      2.03996     -1.26016     -1.58006     0.272678     -2.51506     -0.59573      2.76696     -1.68593     -2.07863     -2.05046     0.939077
    -0.41973  4.16015e-11 -5.66245e-11 -4.86206e-05  -0.00747063   -0.0277053   0.00780532    0.0128125      2.51122      0.70633   -0.0574815     -1.11339     -2.08126      2.42122      1.93268    -0.277974     0.025951     -2.89159    -0.439073     -1.26713     -2.00205      2.03781    -0.104741      1.96012      2.61402
    1.23747 4.84451e-09 8.37406e-10 0.000178287 -0.00813991   -0.043022  -0.0253326  -0.0162474   -0.499676     1.48896  -0.0163559   0.0345086   -0.492855     1.36877   -0.841832    -2.53735    -1.08671     1.14379     1.27659    -1.07254     1.41682    0.812234     1.98183    -1.24701     1.27301
   -0.844258  4.64193e-08 -1.70176e-08  -0.00090166   -0.0266611  -0.00305283   0.00680491    0.0100021      1.50897    -0.434415   -0.0142631    -0.172152     0.637296   -0.0301773      2.09832     -1.52021    0.0474422       2.6094      -1.2609      1.70828      1.06367     -1.70709      1.45142     -1.05352      -0.5364
   -0.36109 1.38052e-10 1.43187e-10 0.000572481  -0.0271173  -0.0136027 -0.00293926  -0.0353395     2.16616   -0.793356  0.00529641  -0.0148565    -2.11399     2.06557    0.762068    -1.02777    0.672913    -2.77855     1.27202    -1.97193    0.106051     0.98141    0.733087      1.1908    -2.62975
     1.27891 -1.14955e-08 -1.71512e-09 -0.000615734    0.0366227    0.0102634   -0.0095995   -0.0425686     -0.35332     0.498741     0.060615      2.97626     0.489744      -3.0054      1.73384     -0.77071     0.790931   -0.0439618      3.09596     0.336405     0.279492    -0.385918     -2.86012       2.1827      1.39037
   -0.563196 -2.57557e-09  -4.7775e-09  0.000369607    0.0014717   -0.0112703   0.00411007    0.0163113      2.11633    -0.427105  -0.00103887        1.632     0.463713     0.378156    -0.060675     -2.96327   -0.0499078      1.33276     -2.31202       0.1929     -2.61128     0.314032     0.227895     -1.26382     0.209997
   -0.986627 -1.15283e-08 -3.83393e-08  0.000552098   -0.0169974 -0.000794599   -0.0113152  -0.00605152      1.27957    -0.374119    0.0442754     -2.31356       1.8857       1.2615     -1.72118     -1.09471     -0.56348      1.93282    0.0354488     -1.58504     -1.13683    -0.247689      1.96191     -1.04183     0.112469
   -0.613004  1.86018e-10 -9.96608e-11 -0.000327039    0.0370456   -0.0382393  0.000375526   -0.0277017      1.87393     0.250055   -0.0216487    -0.859906     -1.71603     -2.21443    -0.831054     0.821618    -0.508599     -1.66047     -1.84334       1.3754     0.860426     0.799867     -2.93775    -0.270171      1.51766
   -0.430655 -5.17189e-11 -1.03803e-10 -0.000281183   -0.0243663    -0.017321    0.0872522   -0.0377547      2.46733      1.67261    0.0230798     -3.16518    0.0402036     0.798424      1.67364      3.04527       1.3996    -0.196087      1.63834      1.49788      2.12669     0.384664      1.80166    -0.452521     -1.92095
   -0.557464 -1.13861e-09   1.5748e-09 -0.000762997 -0.000874077   -0.0136609   0.00850932  -0.00510484      2.20819     0.709905  -0.00546624     -2.79427      1.80224      1.92174     -1.34227     0.886953    -0.857781     -1.08633    -0.606734     -1.58186     0.988571     -0.72356      2.86687     -0.89026      1.53766
   -0.814706  8.15357e-09 -3.24559e-09 -0.000219405  -0.00545353    0.0122344    0.0105806   -0.0312643      1.30259    -0.038372   -0.0799235     -2.81435      1.46973     0.857557     -1.44038      1.20495      1.94798     -1.62025      2.49475    -0.720084    -0.383142    -0.997494    -0.225928    -0.934607    -0.405103
   -0.686634 -6.32154e-10  2.79819e-10 -0.000296047   0.00811883    0.0202226   -0.0195749  -0.00297215      2.03618     -1.03741  -0.00607431     -0.79706     -1.93419      2.66354     -2.15312    -0.968164      1.57851      2.63757      3.16287      1.82552      1.91266     -1.51332     -2.28207    -0.740577     -1.40178
   -0.323328 -3.90152e-10  1.63097e-10 -0.000347579  -0.00354052  -0.00425279  -0.00747702   0.00344465      2.51503      1.34613  -0.00666608    -0.489586    -0.740495    -0.301944    -0.824847     -1.53696      2.05519      2.23981   -0.0885924     -2.07739    -0.648116     -2.00315      1.90785     0.767177     -2.71454
   -0.130961  9.07142e-10 -7.90315e-10 -1.27044e-05   -0.0108388     0.029679   -0.0309883  -0.00082832      2.50323     0.826079    0.0232862     0.732894    -0.380758      2.92305      1.58114     -2.54729     0.608717     -1.79848     -2.65056     0.839129     -1.53841    -0.667758     -1.30461     0.301989      1.22099
   -0.086772  4.37712e-11 -1.49117e-10 -0.000137628  0.000432604   0.00100991  0.000698594  -0.00127219       2.6237     -1.56913 -0.000985189     0.391841     0.129202    -0.804181      1.60065      2.52023    -0.760673    -0.429555     -1.19102     0.545605     0.379146      1.92551    -0.617442     0.258784     -1.17117
    -0.41816 -1.43727e-10  6.95946e-11   0.00082675   0.00400607   0.00222259  -0.00441596  -0.00355761      2.41797     -1.32249   0.00218676     0.197376      1.48443     0.436642     -1.58722       1.3434     0.302047      2.86358     0.451946      1.86032      2.79825       1.8495     -1.87767    -0.393529      2.42424
 -0.00171989 -2.16773e-10 -2.20292e-10  0.000314406   0.00460014     0.037156    0.0402124   0.00658049      2.58364     0.317677   0.00605202      -3.0189     0.542065      1.76213      2.17749     -1.25685     0.717566      2.68564      1.93353    -0.603344     -2.92842       1.6851     0.392797      1.18037     -1.04225
     1.26173  2.13703e-08 -1.37157e-07   0.00100793  -0.00500161    0.0138637   0.00754088  -0.00328274    -0.289152     -1.53907   -0.0065994       0.6712    -0.152496      2.22541    -0.994965      2.66811     0.884353      1.50993      1.82817     -1.16061      2.93547      1.90827     -3.11574      1.57175      1.70253
   -0.601841 -7.47868e-11  5.58604e-11  0.000164239 -0.000592927 -0.000706434   0.00135461  0.000899961      2.03576      1.29106  -0.00199972      2.60969     -1.57892      2.68296      2.04988     -3.03203      1.88408      2.38953     0.140822     0.317156    -0.269129    -0.248418    -0.116853    0.0397324     -1.92185
   -0.790179 -2.70127e-11  9.21786e-11 -0.000750342   -0.0664898    0.0161336  -0.00068371    -0.129609      1.72714     0.735124    -0.114793      2.98831     0.974544      2.42264    -0.673897      2.03215     -2.16862    -0.975961      2.36236      1.27881     -2.82464     0.567703      1.11477     -2.14861      2.61867
  -0.596403 4.24654e-11 1.12063e-10  0.00067802 -0.00770064  -0.0078208 -0.00757627  0.00531107     1.78117    0.909614  0.00171225    -1.92374    0.422264    -2.67985       1.421   -0.608164   -0.537027    0.544598   0.0787568     1.16141   -0.853456     1.93058   -0.188436     1.09713     1.46477
   0.0248717  2.64478e-12  -4.5837e-11 -8.56436e-05   0.00121182   -0.0023461  -0.00263715  -0.00546597      2.57652    -0.370131   0.00394002     -2.57712      1.27206       1.6774      1.41826     -2.34027      1.59584      1.60048     0.970033     -1.49436     0.546352     0.886153     -0.24232       -1.155      2.78846
   -0.571099 -7.85876e-13 -2.19373e-11 -7.89502e-05   -0.0220114    0.0189829   -0.0474844   0.00631631      2.31608     0.610141     0.030686     -2.65504     -2.01223     -2.70854    -0.587315     -1.48473     -1.03018     -2.18473     -1.44147     -0.24267      1.09759     -1.64239      1.91872     -1.51441     -2.76694
   0.0603917  4.15401e-10 -2.70372e-10 -0.000152521   -0.0250258    0.0354634    0.0192711   0.00236281      2.66235    -0.923197  1.19296e-05     -1.93353      0.15961      -2.0699     -1.93828     0.821065     -1.54803   -0.0906349     -1.74926      1.13883      1.22981     0.604949     -2.85959     0.448659     -2.33868
     1.88954  4.95299e-11  1.51908e-11 -0.000810664  -0.00520903  -0.00694119    0.0025163   -0.0188299     0.750291   -0.0563987 -0.000503729      -1.6614     -1.24794    -0.404812     0.976057     -2.56189    -0.638667    -0.954508     -2.16017     -0.57928     -1.92084     -1.84851     0.121721      1.21538    -0.597446
   -0.870257 -2.11014e-09  7.93663e-10 -7.81101e-05   0.00574742  -0.00766155    0.0120719   0.00435896      1.36836     -0.46488  -0.00505874     0.985688    -0.934901     0.100377    0.0106423     -2.80013     -1.93621      1.85803      1.37195     0.465627     -1.48379   -0.0374068      1.42495     -1.36464      2.75986
     1.29424 -2.72587e-09  1.92654e-08  0.000344085   -0.0126408  -0.00860068   -0.0241095    0.0162291    -0.393047     0.337927  -0.00184566      2.76445     0.769539   -0.0490132     -1.75789     0.355087    -0.177007     -1.78514      2.66388    -0.139568      2.29596      -1.1911     0.177282     -1.47947     -2.70946
     1.86592  2.00158e-08 -2.83595e-09 -0.000372581   -0.0137177    0.0177438  -0.00850895    0.0328094     0.427235     0.770564  -0.00348807    0.0785981    -0.738025     -1.77322      1.00096        2.187      2.14054     -3.09656      2.23675     -1.76229      -2.5048      0.85447     0.467242    -0.201761    -0.549045
  -0.485669 1.30359e-09 2.05453e-09 -0.00101953    0.020399   0.0125948  -0.0289612  -0.0143927     2.21032      1.3548 -0.00979062    -2.46175    0.518201    0.190618     1.98606   -0.663478    -1.18777   -0.774304      2.2341     1.43258    -2.62398     1.64107    0.198661   -0.569432    -2.54369
   -0.578948 -4.83791e-09 -8.94674e-09 -0.000132167     0.011361    0.0137447  0.000545172    0.0277141      1.92557     0.210055   -0.0136492      1.90948    -0.539221     0.840954     0.313835     -2.08666      -1.1317      1.61929      2.02516   -0.0284532     0.755557     0.769186      2.43782      1.37006     -1.41196
   -0.332441 -1.19722e-09  -1.6778e-09 -0.000586379   -0.0506249    0.0103467    -0.061671   0.00377184      2.21769       1.3769   -0.0211181     0.633163    -0.809725      2.94011     0.600619       2.1596     0.813879     -1.24284     0.507624     -0.95129     -1.39186     -2.13371     0.992215     -1.84585     -1.32868
   -0.293107 -5.89005e-09 -7.94125e-09  0.000506125  -0.00935192  -0.00247212 -0.000971202  0.000353594      2.37098    -0.267394    0.0128392    -0.613987     -1.87817      -2.9844     -2.12233     -1.07265    -0.709701     0.938196      -2.4017      1.63108    -0.746546    -0.811246      -2.9716     0.673535     0.765947
   -0.690051  3.81018e-09 -1.75987e-09 -0.000717644   -0.0326265   -0.0342918   -0.0268883   -0.0134443      1.89387    -0.129358  -0.00516312      1.92957      1.29747      2.71149      1.50411     -1.84334     0.759328     -1.43819     -2.47636      0.45031    -0.915067        1.992    -0.293285     -1.67279     0.854686
  -0.494761 2.73161e-10  1.2225e-09 0.000349221  0.00187118 0.000124057  0.00146303  0.00322265     2.21822   -0.797287  0.00391615   -0.119765       0.747  -0.0977696    -1.72633   -0.715414    0.124062     2.38083    -2.95848     1.98782    -0.97607   -0.747177  -0.0256006   -0.317278    0.882578
   -0.514435   1.6224e-09  2.78136e-09 -0.000947463  0.000803248    0.0124852  -0.00377785   0.00857285      2.23894      1.59175   -0.0200912     -2.29411       1.8061      1.96146     -1.44884      1.92503    -0.808625      0.20582      2.08027      1.59125     -1.09996     -1.17304     -2.12147      1.24874     0.381093
   -0.115595 -1.50845e-10  -1.6274e-10   0.00068432   0.00301357   -0.0101892   -0.0375016     0.005777      2.53888    -0.115423   0.00225453      -1.3969      1.53175     -1.19064    -0.433108     -1.62236      2.08376    -0.477341      0.42928    -0.978002    -0.517611     -2.18899     -2.40874      1.93806      2.25199
   -0.238257  5.11409e-10  6.32265e-10 -0.000459041   -0.0106628   -0.0395118    0.0174909  -0.00639171      2.57852    -0.506561    0.0100844     0.703942      1.07933   -0.0164425      1.06525      1.28144     0.969108     -1.57432     -2.02948      1.61033      1.02819     0.932479   -0.0793122     0.838588     -1.60628
   -0.133885 -3.11899e-11  3.20815e-11 -0.000676362   0.00415414  -0.00334754   0.00184723   0.00115734      2.69702    -0.573823  -0.00129075    -0.358652    0.0713861      0.03065    0.0514308      2.88871      2.04235      1.74962    -0.434077     0.148746     -0.19876    -0.236603     0.578225     0.163389     -0.23289
   -0.836474  7.21552e-09 -2.79074e-09 -0.000744877   0.00996864  0.000409212    0.0252048  -0.00777254      1.38642     0.812394   0.00356204     -0.89041     0.383535     -1.18681     0.716884     -2.21605     -1.02856     0.326262     0.372239      1.13107       1.1435     -1.22861      2.81647      1.79516      -1.2326
  -0.0180188 -1.68436e-10 -6.55156e-11  0.000676621  -0.00386055 -0.000262567  -0.00244537  -0.00286041      2.57885     0.925118  -0.00198002      2.58169     0.148778     -0.39733      -1.7557     -2.79483     -1.79808     -0.44566   -0.0620331      1.57287      3.13404     -1.02645      2.79017    -0.540525      1.75568
    1.61015 4.97471e-10 1.22399e-09 0.000693891 0.000368011  -0.0151048  0.00358822 -0.00917646    0.374104   -0.661624 -0.00527998    -2.47962   -0.710545   -0.808016     1.40359     1.54865   -0.234651    -1.63709    -1.39239   -0.864151    0.727433   -0.537791    -2.97363    0.516512    -2.33903
   -0.343024 -7.67275e-10  5.17528e-10 -0.000928305    0.0344351    0.0292774     -0.02566    0.0250622      2.40478       1.5826   -0.0226229      2.20137      1.28252    -0.963017     -1.49871     -2.60305     -1.57272      2.65701     -2.33578      1.78046     -2.74669      2.15282      2.82133      1.22626      2.81011
