  -0.834968 2.60948e-08  6.7706e-08 0.000728602  0.00650902  0.00124388  -0.0130179  0.00532569     1.32592   -0.228085  -0.0172811     1.27529    -1.09125   -0.124107    0.518198       2.791   -0.237104    -1.01857     2.19692   -0.609486    -3.15859   -0.557826    0.638737     1.43501    -1.68617
   -0.126913 -3.94804e-10 -5.23349e-10  0.000666998  -0.00223492   0.00843308    0.0154792   -0.0145579      2.70412     -0.77884   -0.0194338     -2.98779     0.292475      2.00232     0.692806    -0.886736     -0.48787      1.52671    0.0520811    -0.117513    -0.170572    -0.944324      2.93095     0.705217     -1.75751
   -0.073031  2.04761e-10  2.15715e-10 -0.000146709  -0.00619908 -0.000856291  -0.00827856  -0.00644824      2.34809     -1.11145   0.00300274     0.857437     -1.85916     0.988611    -0.339321     -2.51384      1.41725    -0.228066      2.79076    -0.220955      2.14303     0.322249      1.65223     -1.56774    -0.117845
   -0.403741   5.0362e-11 -5.25702e-12  0.000318442  -0.00170596    0.0121115   0.00270511    0.0164549      2.34217     0.462427   -0.0232474     0.644133      1.93762      1.87897      0.83786      1.12011      1.43201       2.0402      2.43627     -1.68701     -1.34426      0.29367      2.14151     -2.06994      1.15127
   -0.842244  1.43313e-09 -5.45361e-10 -0.000200345   -0.0148364 -0.000999612  -0.00529888   -0.0110873      1.67982     0.858382    0.0152725     -3.08641     -1.92263     -1.83417      1.39039      -2.2247       1.4558      1.59975      1.18845    -0.558416     0.140841    -0.511564     0.545641      1.12338      2.08844
  -0.545607 2.15555e-09 3.84219e-09 0.000835181 -0.00205294  -0.0165774  0.00760053  0.00572508     2.33662   -0.563593 -0.00586028     2.06185     1.68563    -2.43095    0.925024     1.95937     2.00329     2.89054     2.90744     2.07121     1.76604     1.77055     2.52908     1.88778    0.300525
   -0.364171  2.89841e-10 -2.53658e-10 -2.71653e-05  -0.00153751   -0.0260555  -0.00988604 -0.000715883      2.27146    -0.542042  0.000601093   0.00641604      1.70176     0.860681     -1.15539     -2.77729      1.60435      2.66623      3.11842     -1.84908     0.154338      1.61709      1.76699     0.444069      0.22468
   -0.901315 -1.89725e-08 -5.49424e-08  0.000325566  0.000557888  -0.00398566   -0.0231853    0.0126666      1.47112     0.561475    0.0422846     -1.71038    -0.303925      1.97905     0.410819  -0.00686315      1.12658     -2.14297     0.264481     0.203256      0.84435  -0.00661471     0.948731     -1.30556     -1.44613
     1.18138  1.65296e-09  2.72975e-10 -0.000881291    0.0434573   -0.0243365   -0.0489882    -0.111559    -0.381653     -2.36097    0.0261815      1.92366     0.845102     -2.89888      1.40366     -1.48916     -1.40562     -1.81293     -2.35259      -1.6385     -0.33755    -0.162551    -0.398277    -0.217656    -0.356851
    -0.43028 -6.01807e-10  3.76789e-10  0.000119167   0.00505604   0.00254489    -0.041251   -0.0223296      2.43437    -0.101968   0.00607386      2.86362    -0.898736      1.67551    -0.834529      2.64885      1.73932     -2.65501      1.24787      1.10437     0.539939     -1.41149     0.224425     -1.35689     -2.98046
   -0.026805 -1.68966e-09  1.71244e-09  0.000321014    0.0268397    0.0395892 -0.000961653  -0.00372918      2.53868     -1.18223    0.0149119      1.09482     -1.18548     0.399133   -0.0096003      1.82667    -0.706701     0.157012     -0.79745    0.0988453     0.834772    -0.969715      2.41841     0.593867      1.89063
   -0.535825 -3.31148e-12 -2.51503e-12 -0.000252943   -0.0508759   -0.0160306   -0.0324195    0.0322552      1.85416     -0.85793   -0.0154972     0.672623     -2.21106      3.07992      1.35315    -0.269094     0.681998      2.74686      0.69718      1.17587     -2.73655       0.9061      -1.5996    -0.971099      2.82637
  -0.901602 1.22988e-09 3.57482e-09 -0.00026191   0.0156212  0.00835791  0.00203323  -0.0120002     1.40894      1.0276 -0.00859979    -3.03916   -0.431952     1.50722    0.812727      2.7794    0.837644    -2.57074    -2.78932   -0.624741    0.433997   -0.546274    -2.34166    0.283351     2.52055
    -1.14463  6.74906e-10  3.11895e-09 -0.000165131    0.0184979  -0.00162904  -0.00293733   0.00946471      1.13578    -0.949216   0.00547448      2.46968     -1.32049      3.11198    -0.590492      2.16974      1.77603      2.89008      1.09615      2.07098     0.925037      1.84433     -1.44865     0.456779     -1.40856
   -0.666169 -2.99861e-10  1.15419e-10 -0.000947552   0.00117458  -0.00779735  -0.00284923 -0.000538362      2.20579     0.568183    0.0121115      0.62528      1.23577     -1.30158     -1.67275     0.623027     -1.64018      1.10304       1.7379     0.823974      2.40656     0.212212       2.8776      -1.2285    -0.834542
  -0.957585 1.95828e-09 6.19395e-09  -0.0010399   0.0298618  -0.0699972   0.0061715  -0.0184556     1.46028    -1.42971   0.0297368     -1.3184   -0.565181   0.0982615     1.34479    0.811792    -1.62772    0.146231    -1.12703   -0.682749    -2.40751   -0.295914    -1.10118     1.90358    0.822458
     1.21857 -1.39807e-10 -2.29033e-10 -0.000253292   0.00207842  -0.00869599    -0.012942    0.0142513    -0.299656     -1.29199   -0.0116647      2.89907     0.134423      1.13292    -0.868052      0.21187      1.44976     -2.68195     -2.45783      1.60945     0.732838      1.36107     -1.51404     -1.14019     0.747925
   -0.293791 -9.02681e-11 -1.20058e-10   0.00060774   0.00510176   -0.0168124   -0.0248785   -0.0027639      2.59387     -0.73339   -0.0133875     -2.59827    -0.204572     -1.64926     0.347427      2.11645     -1.14468      -2.0217    -0.782918     0.264752     0.832161     -1.53646     -1.54345     -1.66092      2.86226
    -0.14945  7.00203e-10 -6.36929e-10 -0.000731212   0.00685173   0.00414307  0.000521296    0.0025123      2.41529    -0.348685  -0.00475647    -0.373124     -1.59263      2.66528     -1.72674      0.64213     -1.53785     -2.43756      1.78105    -0.934101      -1.1825     0.635373     -2.84955    -0.656769      2.16928
  -0.0676247   -8.649e-11  8.70941e-11 -0.000763089   -0.0100641   -0.0146477    0.0269431   0.00515307      2.92832    -0.698202   -0.0277431     -2.59771     -1.46875       0.6945     0.386357     0.936008     -1.60814     -3.06467     -3.12349     -1.42581      -2.0119     -2.12861     -1.22154      1.62637      1.67962
   -0.196743  -8.5859e-09 -1.04903e-08  0.000198934    -0.013424  -0.00407388  -0.00670715    -0.015624      2.39693    -0.191166  -0.00590066     -2.66851     0.560414     0.733548      1.08973      3.09829     -1.35595      1.95201     0.259873     -0.84367    -0.758132      1.79187     0.689925  -0.00453501     -1.69528
  -0.0637437 -7.20587e-10  6.23587e-10  0.000798049   0.00321045  0.000839282   0.00316455   0.00042631      2.75335     -0.18099   0.00075894     0.797177  -0.00739599       2.0753     -1.54986     -2.07908       1.5283    -0.537089     -1.98203     0.358442      2.33356     -1.26502     -2.53733     0.811618     -2.21156
    -0.29513  8.90713e-11 -2.28654e-11  0.000219129   0.00510779  -0.00378949   0.00501232    0.0109053       2.6207     -1.48616    0.0014496      2.19142    -0.432486      1.46438     -0.99096     0.993653     0.631535     -2.86126      1.17443      1.67106      2.36253     -2.10025       1.1535    -0.534758    -0.123355
   -0.413976  1.33886e-08 -8.63516e-09  0.000883649  -0.00750789   -0.0109267   -0.0160543  -0.00330658      2.11888    -0.315991  0.000288894     -3.10565      1.66926     -1.60106     -1.20977     -2.69632      1.49879     -1.26975     0.823676     -1.02004      2.65103      1.71872     -2.86414     0.132502       1.8228
     1.53148  1.67392e-11  3.66357e-12 -0.000155974   0.00111617   0.00996014  -0.00333984  -0.00565302      0.35932    -0.877135   0.00153152    -0.152333      1.09918    -0.330216    -0.638537     -1.04664     0.699701      2.50358      -1.3892     -1.83353      3.04712      1.12505       1.5267      1.22489       2.0627
   -0.895727 -1.90076e-09 -5.37427e-09  0.000635331   -0.0252982  -0.00731701    0.0108908  -0.00631714      1.57774    -0.614069  -0.00641404     -1.71782     -1.12333     0.840616      2.06082     -2.01727      1.11758     -2.33384     -2.74531       1.7979      2.49962     0.114423       2.4445      -1.3911      2.33565
   -0.969303  9.67392e-10 -3.00656e-10 -0.000219445  -0.00216372   0.00320262  0.000388221   0.00388799      1.20754     0.391357   0.00169412     0.190668     0.324907    -0.136067    -0.973079    -0.111387    -0.389343     -1.27026     -2.62114    -0.773404     -2.27086    -0.466012      1.92341     -1.05862    -0.312047
   -0.455713   2.3048e-11  7.92652e-12 -4.20992e-05  -0.00115887    0.0198697    0.0140546   -0.0011669      2.42982     0.856917   0.00392324    -0.767002     -1.82016     -2.47147      -1.2731      1.94648   -0.0774144     0.312781     0.680686    -0.615124    -0.757033     -1.50009      3.04031     0.562809      1.87675
   -0.238166 -4.00179e-10   3.1496e-10 -7.77012e-05   -0.0432133  -0.00141938  0.000739266   -0.0190071      2.42481     0.149005    0.0156197       1.4863     -1.23341     -2.05471   -0.0714457     -2.70793     0.453295    -0.201499     0.973707     0.914002     0.177874     0.623368     0.288419      1.08326      1.44937
     1.35548  4.93864e-10 -4.41927e-09  0.000520044    0.0669473     0.018419    0.0397873    0.0105768    -0.515613     0.137138 -0.000655677    -0.530458      -1.4705     -2.90289     -1.58446    -0.998446     -1.51887      2.79997     -3.00109     -1.44441     -1.25769     0.589552     -1.22174     -2.03883     -2.05547
   -0.873336 -2.87043e-08   1.0551e-08 -0.000846316   -0.0179157 -0.000523902  -0.00638435 -0.000445831      1.50774    -0.645577    0.0103309      2.51157      1.06251    -0.125663     0.592503     -0.38032    -0.339074    -0.773119      2.64032     0.574989     -2.16716      0.91873     -1.98137    -0.109219     -1.47268
    -0.18294 -5.75657e-10  4.85125e-10  0.000833552   0.00176016   -0.0051584  -0.00459393   -0.0234389      2.73218    -0.621529  -0.00264892     -1.34053     0.954753     -1.10005     -1.57068     -2.78874      1.47548     -1.85044      3.08872      1.80429      1.77453     -1.99964     0.957022      1.63244     0.555291
   -0.660529 -6.51809e-11   1.4433e-10  0.000312951  -0.00605185 -0.000283906  -0.00025424 -0.000532949       1.5881     0.864081    0.0040153      2.76022     0.469441      -1.2944     0.288453      2.88202     0.128822     -2.25569     -1.31032      1.40498     -2.31138    -0.200315     -2.65043      1.51715    -0.208195
    -0.15546  4.00089e-10 -3.15654e-10    0.0001465 -0.000915594   0.00414291    0.0208429   -0.0153375       2.8467    -0.667814   0.00463969      2.17125    -0.064893      2.85778    -0.192925     -2.23586      1.48626     -1.76015    -0.565051    -0.301026    -0.710886    -0.284782     -0.38938      -1.0141     -2.19867
   -0.967266 -1.27522e-10 -1.67168e-10  0.000932708    0.0500074    0.0756078   -0.0545914    0.0218045      1.08391      1.96628  -0.00221722     -2.90414     0.336124     -1.58359      1.33873       0.4396      1.39496     0.504615      -2.5882      2.30617     -2.47863     0.397528      1.90915     -1.31902      2.78358
  -0.0515543 -1.14198e-10  1.04524e-10 -5.74201e-05   0.00222121   -0.0114248   -0.0210028   0.00650349      2.83563      1.37301    0.0025354     0.405437    -0.142636     -2.22627      1.76382     0.916417    -0.112426      2.89046      1.87966     0.457337     -2.02155     -0.41189    -0.426683      1.56034     -1.08787
   -0.017741 -4.05885e-11  6.09083e-12  0.000569405 -0.000687665  0.000789314   0.00202757  -0.00220612      2.82899    -0.743204 -0.000232413     -2.65466    -0.392113     -1.37861   -0.0270644      1.50646     -1.36492     -1.26297      1.19967    -0.297169      1.18539     -1.69836     -1.82754     -1.71551     -1.03776
   -0.475977 -8.26555e-10  5.17832e-10  0.000152001   0.00466832    0.0020503   0.00638837  0.000929644      2.01482     -1.39242   0.00245963     -2.10019     0.559725      2.58119    -0.840727      2.75441      1.53125      1.33872      1.23255    -0.931163      1.78094      1.42449    -0.590888    -0.633185     0.710777
  -0.0320322 -7.94493e-11 -1.39663e-10 -0.000605797  -0.00418122   0.00114077 -0.000360018   0.00535691      2.89051     0.473917   0.00328687      2.68145     -0.16942     0.645169     -1.45296     -1.31223      1.16392     -0.61965      1.02322    -0.277107   -0.0882437     0.767049     0.115722    -0.548824      1.88843
     1.55425 -4.58611e-11 -2.14302e-11  -0.00049897    0.0113007  -0.00745861   -0.0248165    0.0167136     0.227405    -0.775417   0.00897902     -2.36063     -1.61164     -2.55972     -1.75592       1.4767     -1.05708      1.75275     -2.01454     -1.32558      2.92892     0.687515     -2.32342     -1.87246      2.17838
   -0.547604  1.52844e-09 -8.55592e-10   0.00019773    -0.026557    -0.012173   -0.0523531   -0.0280968       1.9449     -1.57851   0.00396899     -2.20139     -1.18752    -0.185143      -1.8099     -2.71051      1.12672     -3.07992    -0.852759     0.315773     0.291439     0.177264     0.854371     0.230842      1.78456
   -0.371461  1.97066e-11  2.26142e-11 -0.000294522  -0.00603008   0.00129648    -0.010479  -0.00172283      2.74897      1.04249   -0.0114461     -1.76175     -1.33918    -0.430038    -0.293179     -1.24095     -1.50993     -1.65727     0.857487    -0.155488      0.30747     0.278529      1.60562     0.409999     0.416249
   -0.501803 -1.12269e-12  -4.0201e-13 -0.000206262    0.0102769   -0.0181713   -0.0305912    0.0204443      2.16877      2.18185    0.0335551   -0.0846671     0.521014  -0.00380542     -1.33612      2.52938     -1.58611     -2.58629      2.06288      1.69633     -2.67201      2.22014      2.91672      2.04215    -0.719819
  -0.762875 2.33719e-09 5.43082e-09 -0.00045535 -0.00231596   0.0127686  -0.0123362   0.0234889     1.62473     1.64671  -0.0142901     -1.6856     1.85978     1.83401   0.0821064    -1.25489    0.500291     1.82044    -1.36141    0.394404     -1.2086   -0.139087     1.11864       1.513    -2.33014
   -0.432783  1.26368e-11 -1.93141e-12 -0.000562373   -0.0179424   -0.0126714   -0.0406727   -0.0109732      2.42011      1.70828    0.0306464    -0.855505   -0.0472403     -2.63228      0.58521    -0.424396     0.895944     0.578949    -0.907935    -0.919253     -2.83194    -0.850715     -2.75424      1.70538      -0.2929
    -1.02446  -6.9239e-10  1.14698e-10 -0.000621061   0.00884291  -0.00750073  -0.00767874  -0.00262876      1.18264    -0.457943   0.00254253      2.03319       1.9058     -1.19059     -1.62065     -1.02581     -1.52184     -2.58289     -2.34633      1.89966      2.97548    0.0838557     0.273494      1.14224       2.6064
   -0.448732  1.52875e-10 -6.01354e-11 -0.000223307   -0.0913241    0.0251182    0.0114193   0.00491793      2.16863    0.0771413   -0.0120056      2.43835     0.485153      2.87368     -1.87764     0.246038     0.432628     -1.57483   -0.0897558     0.920267      2.91294     -1.06269      2.27141     -1.67722   -0.0434627
   -0.649548   1.3564e-09  2.77965e-09 -0.000254135  -0.00841037   -0.0117671    0.0305719  -0.00705112        2.042    -0.607985   0.00474237      2.51416      1.59449      2.57182     0.551516     -2.41369     -1.59136     -1.22546      -1.2661    -0.560297      2.34712     0.924687    -0.531104     -1.58805     0.134317
   -0.193481  7.34312e-10  9.42202e-10 -2.48835e-05    0.0058936   -0.0099816  -0.00665645   0.00852055      2.58415      -1.1898  -0.00193431    -0.665296     0.121515      1.28469     -1.28391     -1.29654     0.490341     0.784828     -1.02572    -0.544381    -0.634268      1.79815     -2.68758      1.96614     -2.24003
    -1.04843 -1.27057e-11  2.51161e-11 -0.000521878   -0.0422604   -0.0318893    0.0233547  -0.00241202      1.24402     0.849254   -0.0366789     -2.91056     -1.00727      2.17941     -1.41533     0.562989    -0.861878      1.62286    -0.594036     0.501244    -0.401403     -1.00139     -1.52017     0.709506       1.8885
     1.42082 -9.87086e-09 -7.51164e-10 -6.03823e-05   -0.0282991    0.0400563  -0.00136628   -0.0123482    -0.234201    -0.489148   -0.0342194     -1.69075      1.42345      1.21881     0.675486     -1.09675      -1.7439      0.85519      2.57541     -1.18371      2.75183    -0.904529    -0.288143    -0.832094    0.0429998
     1.18352  9.22746e-09  1.77595e-09 -0.000450896    0.0341592   0.00328141    -0.064973    0.0196766    -0.456554    -0.835458   -0.0268718     -2.53214    -0.907978      2.33906      1.72978      1.93465     -1.75376     -2.55786      2.08696     -1.37781      2.25455      1.45529      1.55227     0.122533      1.43616
   -0.328918 -2.34351e-09 -3.31817e-09  0.000476974   -0.0242312   -0.0240057    0.0117839   0.00136128      2.05887    -0.957552   0.00223175      1.37418      -1.8779     0.493245      1.46546       1.0854      1.61709    -0.525691     -1.79664      1.17497      2.88471    0.0548597      2.23966     -1.31425       1.9612
     -1.1103 -2.22146e-08  5.21524e-09  0.000552533   0.00394544    0.0131786   0.00065234   -0.0187349      1.08976    0.0592689       0.0196     -2.94906    -0.865251      3.01286     -1.20863     -2.76904    -0.537872      1.87356   -0.0740872     0.117174     -2.64998     -1.03445      2.67583     -1.68405     -1.61044
  -0.905102 3.89562e-09 1.12034e-08 -0.00094378 0.000889186  0.00617381  0.00833318  -0.0182954     1.22747   -0.233503   0.0084822    0.681744    -1.36787   -0.977625   -0.145499     3.10724   -0.200227    -0.82455    -2.09783    0.915871    -1.02853    0.846784    -1.97326    -1.96545   -0.359729
   -0.231001 -8.12017e-11  8.45507e-11  0.000748717     0.028699  0.000477837   -0.0365952    0.0245558      2.90818    -0.941632    -0.018448       2.6711      1.48978   -0.0652358     -2.13792      2.45079    -0.545709      1.88994      2.71014      1.41215     -2.73567      1.08136     0.704551      1.90215     -3.03774
   -0.412452  -3.0385e-11  2.31601e-11 -0.000272499     0.018758    -0.050434 -0.000977986   -0.0143573      2.32207       1.3586    0.0310158      2.38398     0.274653      2.73048      1.50622     -3.17849      1.18345      2.63628      -1.6413     -0.45315     -2.73655    -0.466195      2.28027      1.30007     -1.16451
   -0.460349  5.30991e-09 -3.21364e-09  0.000802761  -0.00158052   0.00144222  0.000988176  -0.00540071      1.89712      1.01051   0.00154677     -1.87262   -0.0701223     -1.36302     0.991039     -2.81147    -0.131983      1.86174      2.54513     -1.92718      -1.8209     -1.48568     0.962521     0.577027      0.96792
    -1.06125  3.48422e-08 -9.05063e-09 -0.000456423   -0.0174787    0.0054877  -0.00296789    -0.022457      1.07293     -1.08382    0.0010835     -2.18941      1.94168     -2.73808     -0.85571    -0.242167      1.52675      2.78486      1.86315      1.46107    -0.486591     0.290056    -0.935255    0.0871201      3.05495
   0.0470981 -1.49126e-10  1.53411e-10 -3.45779e-05  -0.00196826  -0.00530825   0.00798375   7.0132e-05      2.54519    -0.794164   0.00241606     -2.17029      1.60601     -1.22429     -1.25419      2.20025      1.87552      2.29789      2.65125    -0.515754      1.55509    -0.818322     -2.45375    -0.801479     0.251901
   -0.174201 -5.81442e-10 -7.20455e-10  0.000663057   0.00281066   -0.0181069  -0.00113233  -0.00676799      2.47588      1.16707  0.000455909      2.41212     -1.44533     0.373298     0.192874     0.956293       1.5507    -0.991336     0.426152      1.19936      2.88695     -1.33042       2.0258     0.873514     -1.08549
    -1.16574  2.56682e-09  1.25146e-08 -0.000768568    0.0151828   -0.0347303    0.0095903    0.0155236      1.04792     0.793673  -0.00186278      2.46001      1.17871     -1.24616     0.945516    -0.431371     0.698326      1.21584     0.704931     -1.03016      1.00039       1.5119      2.29241     0.111478      1.84596
   -0.891389 -2.35377e-08  8.31903e-09  0.000837329  -0.00198324   0.00644182    0.0223002   -0.0308877       1.3725   0.00490873   0.00143313       1.8258     -0.50858     0.823083      1.70657      -2.8944     0.511549   -0.0340284      1.72781    0.0880498   -0.0792292    -0.904027    -0.779577     -1.79794      2.18908
   -0.591295 -4.67043e-09  2.47756e-09  -0.00073017  -0.00130412   -0.0028279 -0.000605798   0.00800654      1.99384     -1.28306  0.000349416     -2.59691      1.38724     -1.18924     0.597668      3.03091      1.66663     -1.68077      2.82125      1.81534    0.0353173    -0.361158     0.482021    -0.488039       2.1924
     1.21173 -1.08201e-08 -1.97266e-09 -0.000464382   0.00202218  -0.00516935  -0.00110843  -0.00331845    -0.572739      1.15451  -0.00068834     0.409137     0.417646     0.882742      1.94868       2.3788      1.60558      1.35337    -0.342708      1.12697      2.95745      1.88717       2.5048     -1.69088     0.739665
  -0.0716675  1.89001e-10 -3.73747e-11 -0.000891625 -0.000173568  -0.00228111  0.000438561   0.00173657      2.67962     0.311626  -0.00599052     -1.85552     0.140637      2.78436      1.82599    -0.668071      1.75758      2.79349      2.98809     -1.01481     -2.42816     -1.46782     -2.80314     0.610782      1.63068
      1.1189 -4.98609e-08 -1.17829e-08  0.000779466  -0.00448013   0.00625298     0.028837   0.00170281    -0.379356    -0.907894  0.000268152      2.42261    -0.345442    -0.949158    0.0776163      2.86414      1.12206      -2.4135    0.0981375     -2.14653    -0.152965      0.27629      3.05638    -0.521636      1.64644
    -0.51569 -6.48272e-11  1.05103e-11 -9.71257e-05   0.00232768 -0.000685147   0.00910035  -0.00670712      2.13598     0.399432  -0.00867315     0.406498     -2.00497     -2.96976       1.4637      1.12049      1.43241    -0.186425      2.77604      1.83178       1.5597      1.15204    0.0556655     -1.62225      0.43624
   -0.541377  2.14086e-10 -2.73105e-10 -0.000436843   -0.0066438    0.0128842  -0.00503918   0.00308671      2.39608     -1.20148   -0.0131686     0.705402     0.358544    -0.860057    -0.114471     0.194188    -0.820319      3.09849      2.73347      1.72553      2.04201     -1.81747      2.44287     0.482089     -1.78195
    -0.67602 -3.66197e-08  1.76613e-08 -0.000751578    -0.015321    0.0230797    0.0028563   0.00111477      1.59333      1.39302   -0.0102909     0.491036     0.176805      2.21575      2.08516     0.466604     0.854053     0.971589     -1.49975      1.93999     0.522245     0.796419      2.25585     -2.06787      2.29112
   -0.359887 -4.10184e-13 -3.62379e-11 -0.000673294    0.0185838   -0.0524885   -0.0378809   -0.0120709      2.10693      1.68135    0.0502189    -0.265773   -0.0416426     -2.41646      1.23038      1.81619    -0.980085    -0.742799    -0.152561     -2.16388     0.679285      -1.7022     -2.87366     -0.24306      2.07143
   -0.162693 -4.07117e-10 -4.27488e-11  0.000258389     0.016091    0.0203903   -0.0034347   0.00873631      2.82487     0.107366    -0.007523      1.69054     -1.72893     0.981416     -1.07453     0.888504     -1.15245      1.44407      1.78671       1.6679     -1.49647    -0.572186    -0.450425     0.392375      1.78965
     1.31148  1.86932e-09 -1.43399e-08  0.000341697  0.000231776   0.00291139   -0.0106915   -0.0164289    -0.328522     0.315828  -0.00880362      1.55525    -0.660148      1.96722     -0.18561    -0.528037     0.695146     -1.20194      1.02289     0.249932      -1.8857    -0.903828     -3.02884     -1.07576      1.32487
     1.23529 -1.75354e-10  3.63067e-11 -0.000923122    0.0275128   -0.0173805  -0.00897188   0.00198391    -0.366052     -1.14275    0.0121811    -0.665557     0.566951      2.88604     -1.28112     -1.28665      1.68474     0.104121      1.56058      1.82089     -2.52459      1.35077      2.50741      1.20195      1.36908
     1.23042 -3.38061e-09  1.91326e-08  0.000770346  -0.00605575  -0.00624176  -0.00964107  0.000115536    -0.483954     0.749404   -0.0282392      1.04871     0.854424    -0.212911     -1.29826     -2.72771      1.38053      1.60667      2.56684    -0.309227     -1.15324      1.12707     -2.05865     -1.63109    -0.902664
   0.060137 1.10472e-09 9.94175e-10 0.000422372  -0.0187348    0.006285  -0.0105576  0.00124654     2.55286    0.107498  -0.0045799     1.34144    -1.26934      1.2776    -1.15664     2.89997     1.10566    -1.21271   -0.718285    0.988278   -0.719443     1.63881     2.31061    0.782737     2.38411
   -0.783322 -1.75033e-09  7.69665e-10 -0.000841224   -0.0435982   0.00663875     0.017461  -0.00832287      1.68397      1.84363   -0.0532331     -0.37213    -0.141457     -0.30843   -0.0214099    -0.977095     -1.39512     -2.99747     -1.36971      -1.7242     -1.51562     0.486507    -0.952365    -0.670217     -2.14276
   -0.761087 -4.55052e-09 -1.04833e-08  0.000918779    0.0145567   -0.0165319    0.0181545    0.0328558      1.58502    -0.311705   0.00450663      2.87699     0.156066      1.58938      2.05428     -1.01643    -0.594797     -2.16787     0.227691      0.81522    -0.339332     -1.03265     0.191653    -0.975314      2.09629
   -0.828479  2.73401e-09 -1.06111e-09  0.000809895 -0.000857757   0.00771098  -0.00117134   0.00378749      1.68143     0.857847   -0.0252667     -1.33753   -0.0946418      -1.6935      1.76063     0.878695      1.57064      2.66452     -1.32184    -0.851434      2.65373    -0.466687      1.13891     0.618846    -0.835971
   -0.512925  -3.0099e-10 -5.08906e-10  0.000138845   0.00816598  -0.00040409  -0.00758543 -0.000680184      1.98959     0.908886   0.00758876     -2.78746    -0.260446      -2.3912     -1.13585     -1.45268      1.30489      2.23876     0.329571      1.27464     -2.22276      1.97125     -2.70154      1.53012    -0.250541
   -0.925352  2.47808e-11 -1.68146e-11  0.000368857    0.0011318   -0.0100563  -0.00664952  -0.00434906      1.28051      1.55814  -0.00391831     -3.11321    -0.426327     -2.44957    -0.341101      3.03218    0.0715291    -0.438524      3.01639    -0.575548     -1.71987     -1.08546     -1.46509     0.434028     -1.24626
   -0.828361 -3.76508e-10 -1.09667e-09  0.000780207   -0.0316119    0.0522104    0.0356093    0.0188718      1.53252    -0.877347   -0.0567591    -0.331798     -2.02981     -1.94175    -0.329682     -2.53589     -1.61358      2.08047      1.58452       0.6379     0.496004      0.77245    0.0690777     0.867694      2.41681
     1.52519 -3.80931e-10 -5.59925e-12 -4.14991e-05   0.00378474   0.00289723   0.00636951   -0.0113301     0.146216  -0.00349597  0.000991739     -0.37327     0.367075     -2.43509      1.54604     0.593548     0.539417     -2.75867     0.631929    -0.817839     0.913462     0.622566     -2.55271    -0.183472      -2.3797
   -0.393881 -7.67864e-11 -9.44191e-12  0.000287415   0.00693051   -0.0100571   -0.0134383    -0.014593      2.69278     -1.23998  -0.00456813      2.40432      1.18653     -1.01505     0.510199     0.719097     -1.85513    -0.792448      2.92309       2.0807     -2.44568     0.265121      2.29655     -1.25956     -3.03473
    -1.02864 -3.55946e-08  9.87941e-09 -0.000566906     0.023058    0.0306623   -0.0403319    0.0283085      1.23121    -0.874689  -0.00713282      2.32499    -0.275994      0.39971      1.71102      1.02151     0.987986     -2.63989    -0.844239    -0.190573     -2.60786      1.84662     -2.45656    -0.338831      2.27056
   -0.137932  9.06797e-10 -7.99795e-10  0.000823021 -0.000949231   0.00493446  0.000170125    0.0028037      2.59364     0.493184  -0.00532206     -1.83693    -0.255419       0.2464      1.54772     -2.14437     0.508085       -1.741     0.546236     0.791831     -1.83121     0.828326     -2.48921     -1.80234      2.55243
    -1.02577 -4.76266e-09  1.25614e-09 -5.50282e-05  -0.00277015   0.00522105  -0.00835649   -0.0104533      1.19729    -0.767666   0.00888648      2.15951      1.27753       1.9013     0.221821     -1.93864    -0.384231    -0.657773     -2.00552     0.833951      1.38662     -1.47986    -0.433673      1.37939       1.2167
   -0.380735 -1.22128e-11 -3.53403e-14  0.000432241   0.00137865  -0.00190843  -0.00279993   0.00934023      2.23313      1.45665  -0.00251955     0.899907     0.354411     -0.50103   0.00627636     -2.76902     -1.84066      2.07514      2.34663     -1.14952     -2.59501    -0.882336     0.343992    -0.293882     -1.81623
    -0.77376  1.40142e-12  5.45415e-12 -0.000391234   -0.0305743    0.0248273    0.0308682  -0.00819689      1.73577    -0.922965    0.0260431       2.2605      1.16696      2.73424     -1.02762      1.51848     -1.89644     -2.90934      1.17376     0.561045     -1.12063    -0.647298    -0.463617    -0.146201    -0.475372
     1.40154  5.49673e-09 -6.19656e-08 -0.000189999     0.012746  -0.00975211  -0.00672933   -0.0011875    -0.118138    -0.636157  -0.00910247      -2.7211     0.310724    -0.619089    -0.934414      -2.8605     -2.05423      1.69489      2.17048      0.19523     -1.82709    -0.901113    -0.583912     -1.21742     -2.41222
   -0.910249 -1.22644e-11  3.30782e-11 -1.22696e-05    0.0220498  -0.00493215  -0.00236186    0.0353048      1.41284    -0.754357   -0.0634464     -2.52837     -1.41542     -2.47172     0.672256     -3.12126     -1.23131      2.02418      2.00464     -1.64255    -0.219264    -0.570438     -1.70522    -0.341128     -2.67099
     1.29041 -4.76999e-12  5.94551e-12  0.000726774    0.0648685   -0.0429298    0.0123365    0.0523323    -0.456541     0.130935    0.0275651      2.08805     0.308263    -0.585896       -2.207      2.10648     0.960041     -1.08205     -1.39472    -0.614972     -1.15645     -1.45863     -1.99495     0.130053      1.89113
  -0.542266 2.86604e-10 5.56404e-10 0.000803405  -0.0458607   0.0172772   0.0149284   0.0167794     2.31513     1.39527  0.00159505    -2.32726   -0.454702    -2.26299     1.77499     1.98162     1.90793    -2.73661     3.09263   -0.114721    -1.51679     1.13102    -2.18801    0.235686     -1.8561
   -0.287248  6.83721e-12 -1.58723e-11  -0.00101096   0.00437932 -0.000214398  0.000990078   0.00241713      2.23419     -1.55658  -0.00250416     -1.31534      1.31851      3.07289    -0.746981     -1.36091     -0.23405     -2.46599      2.54946     0.107715     -1.87663      1.58945     0.354966      1.15749      2.63846
     1.37541  1.96984e-09 -1.87992e-08 -0.000572808    0.0140368   -0.0159075  -0.00264415   -0.0212284    -0.207787      1.17226   -0.0222649    -0.738286    -0.168505     -2.34908     -1.45174      1.69494    -0.773784      2.92382     -1.51407       0.3363     -1.32843      -1.4192    -0.280429     0.948582    -0.998635
  -0.872685 1.30309e-08  3.5899e-08  8.6644e-05 -0.00315305   0.0307006 -0.00749862 -0.00227089     1.35201   -0.573358   0.0479171     1.49732    -1.09519   -0.554384   -0.875755     -2.9065    0.950754   -0.769516    -2.14218    -1.34039     2.81136    -1.88606    -3.04085   -0.541479    -1.33031
  -0.298559 6.21404e-11  2.4259e-10 0.000647637  0.00963873  0.00823157  0.00843185  0.00282024     2.41986   0.0554333 -0.00832569   0.0537862   -0.959178    0.516965   0.0879241     1.65707    -1.64425    -2.81432    0.641245    0.823766    0.494479    0.226708   -0.316227    0.533711    -1.51004
    1.28222  4.2552e-09 6.01849e-10 -0.00012185   0.0129772  0.00966695  0.00152598   0.0114603   -0.412727     1.00732  0.00215446     0.25415   -0.766711   -0.824781     1.68042    0.662507   -0.266467    -1.14617    0.397144   -0.306556    -2.57194    -1.92151    -2.22289     1.07026    0.132282
   -0.742447  2.32151e-10 -1.62915e-10 -0.000207459   0.00576573  0.000247672  -0.00747365  -0.00342167       1.7791    -0.575482    0.0146497     -1.86284      1.02991    -0.573857    -0.933516      1.02891      1.67426    -0.480173      2.47533     0.951185     -0.43485      1.19371      1.95681      0.46852     -2.97746
     1.58602  1.16029e-08 -8.38566e-11   0.00109039    -0.020963    0.0322467    0.0293167  -0.00530459     0.369752     -1.13744   -0.0307651      2.30277    -0.774794     -1.60606     0.631535     0.394402     0.449098     -2.77918     -1.30159     -1.97975     -1.99263     -1.92866       2.0687     -1.01884     -1.78938
   -0.424483  1.56085e-08 -1.05712e-08 -0.000759938  0.000803438   0.00547684    0.0087824   0.00119127       2.2042     0.482862   0.00213119     0.667782      1.72905      1.13918     -1.74596    -0.890028   -0.0619913      2.72518    -0.825907     0.925507     -2.52043     -1.40563     -1.45888    -0.811853    -0.755366
  -0.082539 6.53798e-10 7.22151e-10 1.36599e-05  0.00579331   0.0116191 -0.00201935  -0.0177676     2.70319   -0.749454 -0.00849763     3.10193   0.0351918    0.199867    -1.31102       1.158   -0.930189      1.9638     2.44629   -0.432439     2.92842   -0.105072   -0.674739     1.82255   -0.569132
  -0.163278 7.05632e-11 1.58114e-11  0.00045877 -0.00449671  -0.0118013  0.00768171  -0.0268216     2.73329    0.409178 -0.00826988    -1.20467   -0.504609     -0.4768    0.822126    0.642427       0.761    -0.95647   -0.386824   0.0901956    -2.47637    -1.07009     1.33372    -1.25827    -1.20191
   -0.842286  2.23454e-09 -8.55565e-10  0.000237951    0.0514987   -0.0101317    0.0377066   0.00229133      1.65992     -0.25294   -0.0201088    -0.242756      1.78278       1.3373    -0.845591      2.68001     0.791848     -0.99123    -0.749307     -1.84981      1.90828      1.81028     -2.70328     -1.39956      2.07442
   -0.945581 -5.60958e-10 -1.82377e-09  -0.00082946   -0.0154592   -0.0396219 -0.000410495    0.0754278      1.49909     -1.13789   -0.0656432     -2.49771     -1.15913     -1.42971  -0.00197709     -2.77134      1.78873      -2.4954     0.690073      1.40987      0.50612    -0.594619     -1.37667     -0.96006     -2.99778
 -0.00771388 -3.97378e-14 -5.03082e-14 -0.000177531   -0.0291271   0.00189489    -0.016805    0.0119473      2.52674     -1.38605  -0.00662758    -0.670083      2.13845     -1.29689      0.41162    -0.727536    -0.408962     -2.65374     -2.87769    -0.957994     0.466279     0.214159      1.02189      1.27236   -0.0264602
   -0.604769 -4.24094e-09  2.20341e-09  0.000163658  -0.00636613  -0.00597175  0.000239656  -0.00981296      1.68126     0.279936   0.00442145     0.267862    -0.847683     -1.89998    0.0971169      3.13727     0.813488      2.89334    -0.862964     0.960273      1.13268     -1.24931      1.80599    -0.969154     -1.86985
   -0.825864 -2.45166e-08 -6.27094e-08 -0.000574732   -0.0167957      0.01258   -0.0228245    0.0124433       1.5033     -1.08529    0.0172218     0.694022     -1.12666     0.363899     0.758099    -0.303792     -1.90369    -0.656996     -2.65367      1.66242     -3.06725     0.561882    -0.870026    -0.557561     0.205254
     1.22554 -4.43686e-11  8.62071e-11  0.000888878  -0.00984222    0.0100074   -0.0133793   -0.0164639    -0.598781     0.345008  0.000619144     -2.56924       1.2057    -0.106323    -0.581151      1.27281    -0.923519     -2.83397     -1.98108      1.12783      1.61316          1.8      1.08018     0.940387      2.67187
   -0.344011  7.48051e-11 -4.60919e-11 -0.000152277 -0.000173218   -0.0271426    0.0250051   -0.0243774      2.27583     0.610626    0.0419763    -0.504805    -0.588094      2.59142      1.63153      3.09514  -0.00372902     0.111979    -0.113949      1.75131       2.5722     -1.35058      2.16891      1.89891      1.15234
   -1.14494 -2.8539e-08 6.15444e-09 0.000323477  -0.0501079  -0.0151092 -0.00998928  -0.0086962     0.96851   0.0270957  -0.0205264   -0.997242   -0.246866   -0.885831    -1.05893   -0.749946    0.521717     1.70848     1.55917   -0.285532   -0.751725     1.32673   -0.117172   -0.977432   -0.290804
     1.24253 -3.27892e-08 -5.39573e-09  0.000669721  -0.00104989    0.0115734   -0.0136633   0.00607927    -0.483696    0.0104389  -0.00621867     -1.36937      1.31372     0.580581      -1.5365      1.35201     0.185292    -0.315029   -0.0757328     0.552792      1.24626     -2.01458    -0.288742     0.717043       2.9461
  -0.245537 8.74168e-11 8.99519e-11 0.000345076 -0.00960633   0.0127486  0.00755527   0.0124711     2.59688    0.993211  -0.0139169    0.657301     1.39882      1.9618   -0.765654     0.95504    -1.65401     1.91262    -1.08945    0.610697     2.57367   -0.036525    -2.11294    0.217846   -0.168656
 -0.0168302 6.28266e-10 -8.5752e-10 0.000358283  -0.0183663  0.00982203  -0.0149998    0.018357      2.7382  -0.0750974   0.0195467    -2.60501    -1.05021     2.78295     2.01481    -2.65268    -1.93925    0.706298   -0.993201     1.32555    -1.53717     1.86715  -0.0848626    -1.61122    -1.53242
   -0.194515  1.27687e-10  1.50723e-10 -0.000504825  -0.00922666   0.00837972   0.00243421    0.0278939      2.46696     -1.03408   -0.0176512      -1.9217     0.887372     0.494417     -1.50569      2.87411      2.00148      2.50135     -2.51131  -0.00174201     -1.48562    -0.101455      2.04135    -0.269816     -2.10693
     1.23657  6.37547e-09  1.07127e-09 -0.000699074    -0.028985    0.0162388    0.0271891   -0.0127148    -0.325775     0.677413   -0.0116853     0.186862       1.1027   -0.0554975     0.377077      1.58441     -1.81362     -2.92849     -2.94554    -0.163061      1.25674    -0.130159      1.73169       1.5935     0.171507
   -0.232902  8.77542e-11  9.32907e-12  0.000629906   -0.0017979 -0.000371702   0.00760042  0.000925733      2.79629    -0.455295  -0.00461414    -0.399169    -0.823198       1.6364      1.16685      1.86119    -0.957038     -1.60731      3.11382      1.13863      1.99661     0.387428      1.46468      2.08606      2.75063
   -0.682943 -2.06373e-09  9.54234e-10 -0.000287041    0.0461893    0.0289459   0.00907015   -0.0569715       1.8783      0.30198  -0.00955092      2.22379     0.721254      1.92514      1.99136      1.87832     -0.72782     -1.49979      2.33168      0.53015    -0.983257      1.69748      -3.0693     -1.63739      1.34497
   -0.633488  7.27283e-09 -4.71497e-09  -0.00107907  -0.00632124    0.0165986  -0.00114973   0.00985449      2.16165      1.17911   -0.0107637      1.51163      1.56106     -2.22124     -1.60015     -2.56456      1.02807     -1.62614     0.239249    -0.589359     0.668042     0.420462     -1.20146     -1.70346      1.65427
     1.43646 -9.01227e-12 -7.49867e-11  0.000131053   0.00288015   0.00807407   -0.0124559   0.00789153    -0.244481     -1.15388   0.00665352     -1.09583     -1.54232      1.84989      -1.5226    -0.162791     0.933556     -2.12448    -0.876684    -0.543378   -0.0819267    -0.506748    -0.373997      1.17241     0.038122
     1.36747 -9.40657e-13  3.67815e-11 -0.000905564   0.00531625    0.0117773  -0.00334272  0.000233077    -0.215148     -1.26957   0.00152863    -0.848323     -1.67314      1.02718     0.292897     -1.46679    -0.967006     -2.81085    -0.838891     -1.83296    -0.668863     0.114712      1.64618     0.773431      1.55419
  0.0400968 1.35298e-09 -1.4099e-09 0.000165825  0.00718039  0.00152951 -0.00621499 -0.00748946     2.53481    0.439873 -0.00160711    0.453169    -1.11135    -1.66559     1.43319    0.700736     1.17931     -1.2719    -1.53015     1.32953    -1.91312    0.596512    -2.71318  -0.0277099     1.87937
   -0.617898  1.35448e-08   2.6002e-08 -0.000570585    0.0198464  -0.00306111    0.0479411    0.0321408      1.62878     0.840409   -0.0387996      2.02226    -0.820707      1.31744      1.12874     0.940535     -0.60408      2.16709     -1.06243      1.71513     -1.10893     -1.30476     -2.53134     0.307065      3.04481
   -0.369915  5.84019e-10 -3.96018e-10 -0.000196314   0.00712721   0.00418229  -0.00639704   -0.0152322        2.216    0.0635869    0.0109644    -0.959552     -1.28936     0.742854     -1.03658    -0.088455    -0.298868     -2.28273     -1.85205      1.85331      2.91962     0.840464     0.162384     0.580265      1.79601
   -0.411665 -4.34843e-09  2.85918e-09  0.000579488   -0.0127289   0.00219627  -0.00559254   0.00802213      2.09674   -0.0693706  -0.00361669     0.596957    -0.486537       1.8032     -2.03277     -1.46715     -1.04155      1.14555      1.08974     -1.13865      2.36506    -0.156415      1.72757    -0.595597      1.73959
   -0.225988 -2.52057e-11  4.49965e-11  0.000214802  -0.00633357  -0.00100977  -0.00721629  -0.00117009      2.74285    -0.896132  -0.00275006      1.32954     0.788447      1.63666    -0.927268      1.29282     0.975576     0.210339     -2.50001      1.78374    -0.130401      1.12446      2.06483    -0.316199      1.19457
    -1.11966  9.76807e-09 -2.26735e-09  0.000546747    0.0106078    0.0178365  -0.00520489    0.0269068      1.10644   -0.0198556   -0.0597758      1.26563      1.09957      1.55835     -1.93491      1.33699     -2.14125      1.38987     0.686078     0.666725     -3.08472     -1.86839     -2.99186      1.57709      1.17946
   -0.684743 -4.36978e-10 -9.26208e-10  8.84702e-05   0.00268042  -0.00081506  -0.00457247   0.00247762      1.68589     0.594784  -0.00308702       0.8185    -0.576424     0.723327      0.76974    -0.326838     0.852589      2.75361      1.30812    -0.485394     0.292252    -0.491004     -2.28485    -0.411139     -1.45107
     1.36175 -4.60306e-08 -4.80712e-09 -0.000110361   0.00423304  -0.00810971     0.014965    0.0059828     -0.22003    -0.395882   0.00887793     -1.83687    -0.364481     -1.85869     -1.29452     -1.08271     -1.71279    -0.479018     -1.44813    -0.393393      1.58777      0.58465     -2.12882     -1.95714     -2.32276
   -0.857526  -4.4039e-09  1.61112e-09 -0.000870251   0.00107534   0.00468955 -0.000208943   -0.0036671      1.52854      1.53709 -5.33734e-05      1.22911     0.114648    -0.515317     0.571748      -2.2669     -1.59496     -3.02034    -0.156252    -0.193146     0.325255       1.5096      2.51662    -0.818935     0.881312
    0.101977 -2.27275e-10 -3.33102e-10 -0.000701836   0.00652321  -0.00978787  -0.00555842    0.0048215      2.53147      1.07459   -0.0157412     -2.36029    0.0642988      3.12396    -0.894958      2.24219      1.15942     0.486754    -0.870204      1.82545      3.10512      -1.2281    0.0464548      1.09057      3.04571
   -0.104809 -6.38489e-11  3.36005e-11 -0.000817953  -0.00497903   -0.0205267   -0.0211675  -0.00507192      2.32379     0.024895    0.0143194      -2.6781      1.91751     -3.10596    -0.422242      1.30529      1.16487     0.705448    -0.817897       1.9908     -2.53965    -0.316099     -2.11501      2.01924     -1.08757
   -0.374675 -3.09679e-10 -4.68889e-10  0.000117778   -0.0086398   0.00901226  0.000613209    -0.011289      2.38818      1.22963    0.0191623     -2.77908   -0.0475626     -2.60352      1.30035    -0.534471    -0.994453      2.41533     0.973796    0.0814349      1.14944    -0.958028      1.43148    -0.648385      2.69215
   -0.792669 -4.07104e-11  3.86473e-11  0.000637222  -0.00426141  -0.00383948    0.0145146   0.00286192      1.88668    -0.102925  0.000456686      2.92575      -1.4881      -0.5555     -0.12412      1.10123      2.06332     -0.22242      2.38295      1.43535      -2.0297    -0.360613     0.896914       1.3147      2.83072
   -0.151495 -1.35798e-10  7.79837e-11 -0.000663931   -0.0285675  -0.00870633    -0.047683    0.0427087      2.53881      1.85901    0.0152839      1.16548    -0.100983    -0.293282     -1.37256       2.0755      1.25399     -2.34537     -0.42911     -1.32476     -2.55645      2.38979    -0.711981      0.56001    -0.384994
    -0.40906  9.75261e-11  1.03912e-10 -0.000194559    0.0336939   0.00106606  -0.00410132    0.0277218      1.90469     -1.32091    0.0290875     -1.89101      1.98855      2.15587     0.821712    -0.333097     -1.83832      1.54368     -2.93914    0.0303683     -1.29167    -0.393567       1.7638    -0.400165     -1.39351
     1.21423  3.34555e-09 -1.93606e-08 -0.000195975  -0.00262015    0.0144908   0.00106439   -0.0108454    -0.418115    -0.435519   -0.0108693     0.198996     0.949017      2.38142    0.0368455     -1.58558     -1.37095     -1.18823      1.77133      -1.2818    -0.739674      1.64815     -1.59926     -1.03599     -1.06556
   -0.796685 -2.94333e-11   5.3765e-12  0.000487097    0.0254378    0.0463413   0.00397423   -0.0252711      1.28723     -1.64262   0.00399111     -1.28985      1.95264     -2.68579     -1.92285     0.750559      1.31072     -1.33159     -1.69098     0.717159      2.07358     0.763122    -0.948182     -1.18883      2.12272
    -1.00503 -6.37586e-12 -4.36674e-11 -0.000240174    0.0162064  -0.00177317    0.0100237    0.0152643      1.20764     -1.23933    0.0140183      1.63643     -1.71587     -1.64233   -0.0746322      1.80139     -1.02871    -0.657757      1.62051      1.77625     -2.35513     0.570291     -2.52964     0.364805      2.54877
   -0.666638 -8.54574e-11  3.77522e-11  0.000459007 -0.000348995  -0.00255272   0.00503024   0.00557357      1.78832     0.571116    0.0013545      1.36187     -1.25401     0.237203     -1.22557     -2.86889      1.51677     -1.63448     -2.38476      1.09876      1.55153      -1.8883     -1.35985     -1.15407     -2.71196
    -0.35047 -3.23113e-10 -1.45713e-10 -0.000895366    0.0052533   0.00648985  -0.00884598   -0.0136651      2.74469      1.09344  -0.00248124     -2.54027     -2.01064     -1.11643      2.03996     -1.26016     -1.58006     0.272678     -2.51506     -0.59573      2.76696     -1.68593     -2.07863     -2.05046     0.939077
   -0.432639  1.65124e-08 -1.07048e-08  9.41689e-05    0.0200268   -0.0170238   -0.0221675   -0.0289484      2.24783      0.46852   -0.0216394      2.04097     -1.31083     -2.46633     -0.53926     -1.78313      0.99694     -2.76763      1.40066     0.800772     -1.78974    -0.302926      2.76203      2.05693      2.70432
   -0.468581 -9.39924e-11  2.10623e-10  1.50429e-05  -0.00481451  -0.00136829  -0.00272974  -0.00634576      2.48247     0.579952  -0.00106371      2.92254      1.10173    -0.468786      1.37767      1.65093    -0.535735      3.11714      1.03128       2.1222     0.684752   0.00703275     0.489532      1.99502      1.29571
    -0.19121  2.74301e-10  4.03685e-10  0.000850393  -0.00106925  0.000751694  -0.00479895  -0.00349805      2.51383     -1.28113 -0.000782655       2.1221    -0.795676        2.915     0.863844      1.59014      1.29136     -2.09139     0.777039     0.791607     -1.66731     0.698118     -2.36153      2.02687    -0.120484
    1.31197 1.03921e-08   1.355e-09 0.000936719   0.0565992    0.025466  -0.0127184  -0.0169987   -0.331776   -0.580869  -0.0528835   -0.995983    0.626139     2.82146    -1.20837    -1.10961    0.445781        2.16     2.52391    -1.01274   -0.524774     1.39816    -2.58492    -1.50767    -1.22735
   -0.619698  6.77855e-10  1.33812e-09 -0.000829741  -0.00419009   0.00738736 -0.000325181   0.00284886      1.75301     0.876009  -0.00316811      1.57663     -1.60182   -0.0845026     0.675496     0.171862      1.01519     -1.58831     0.877254      1.34231       2.8045     -1.89588     0.998833  -0.00718199     -2.75617
  -0.515126 1.15417e-10 6.33937e-11  0.00078549  -0.0112941  0.00326971   -0.001561  -0.0104282     2.25553    -0.31193  -0.0106302   -0.530526     1.41964   -0.692855     -2.0661     2.29426    0.641608       2.973   -0.474456    -1.65832     1.15813    -1.63696     1.58208     -1.5982    -2.35733
   -0.563196 -2.57557e-09  -4.7775e-09  0.000369607    0.0014717   -0.0112703   0.00411007    0.0163113      2.11633    -0.427105  -0.00103887        1.632     0.463713     0.378156    -0.060675     -2.96327   -0.0499078      1.33276     -2.31202       0.1929     -2.61128     0.314032     0.227895     -1.26382     0.209997
     1.11534  1.06066e-10  3.10889e-12 -0.000561789   -0.0119186  -0.00699849  -0.00569726   0.00142448    -0.452849     -1.01921 -0.000776703    0.0714942     0.154501      1.73036     -1.79014      1.91812    -0.226319     0.370258      2.27083      2.01091      2.91057     -0.36346    -0.244562     0.245292     -0.97072
    1.34541 -2.5612e-09 2.30908e-08 0.000499881   0.0189215  0.00691172  -0.0119078 -0.00676682   -0.432863   -0.898801   0.0181334    -1.53909     1.81234      2.0046   -0.571521    -1.60165    -1.43234     3.09644   -0.731807    0.668081    -1.52961  -0.0785198  -0.0753632    -1.05926   -0.326135
   -0.986627 -1.15283e-08 -3.83393e-08  0.000552098   -0.0169974 -0.000794599   -0.0113152  -0.00605152      1.27957    -0.374119    0.0442754     -2.31356       1.8857       1.2615     -1.72118     -1.09471     -0.56348      1.93282    0.0354488     -1.58504     -1.13683    -0.247689      1.96191     -1.04183     0.112469
   -0.685287 -2.59949e-09  1.20836e-09  0.000181306    -0.022936    -0.100406   -0.0481847     0.118467      2.10981      1.50729    0.0332659      1.48583     0.552873      -2.0788      1.19388    -0.504517     -1.62959      2.23221       1.2657       1.1897     -0.53039   -0.0464056      2.73931    -0.905177      1.45999
   -0.430655 -5.17189e-11 -1.03803e-10 -0.000281183   -0.0243663    -0.017321    0.0872522   -0.0377547      2.46733      1.67261    0.0230798     -3.16518    0.0402036     0.798424      1.67364      3.04527       1.3996    -0.196087      1.63834      1.49788      2.12669     0.384664      1.80166    -0.452521     -1.92095
     1.84714  8.95401e-08 -1.26052e-08  0.000259341     0.030788    0.0169425    0.0573574   0.00681741     0.671836     -1.26265  -0.00139496    -0.500474     -1.43254      2.21592      2.02328     -1.17241    -0.278404       2.8994     -2.49955      1.43571      -1.9732     -1.71582      -1.0117      -2.0406      2.20215
   -0.814706  8.15357e-09 -3.24559e-09 -0.000219405  -0.00545353    0.0122344    0.0105806   -0.0312643      1.30259    -0.038372   -0.0799235     -2.81435      1.46973     0.857557     -1.44038      1.20495      1.94798     -1.62025      2.49475    -0.720084    -0.383142    -0.997494    -0.225928    -0.934607    -0.405103
   -0.236933 -2.84276e-10 -5.46449e-10  0.000308328    0.0168167    0.0114152    0.0149008   0.00520977      2.76358    -0.835799    0.0205787     0.289051     0.194345      2.39248    0.0228946     -3.04557     -1.56614    -0.875842    -0.270822     -1.83558    -0.045738     0.850359     0.806161     -1.27409      2.67528
   -0.686634 -6.32154e-10  2.79819e-10 -0.000296047   0.00811883    0.0202226   -0.0195749  -0.00297215      2.03618     -1.03741  -0.00607431     -0.79706     -1.93419      2.66354     -2.15312    -0.968164      1.57851      2.63757      3.16287      1.82552      1.91266     -1.51332     -2.28207    -0.740577     -1.40178
   -0.130961  9.07142e-10 -7.90315e-10 -1.27044e-05   -0.0108388     0.029679   -0.0309883  -0.00082832      2.50323     0.826079    0.0232862     0.732894    -0.380758      2.92305      1.58114     -2.54729     0.608717     -1.79848     -2.65056     0.839129     -1.53841    -0.667758     -1.30461     0.301989      1.22099
   -0.927129  2.24283e-11 -7.41041e-11  9.98297e-05   0.00269468  -0.00373148  0.000392394 -0.000355564      1.43773      1.22963   -0.0041173      2.78839     0.712043     -1.27519      0.50921      -1.7596      1.26707       2.7593     -2.90485     0.572413      0.22326    -0.302677     -2.12786     0.531818      1.17196
     1.34236  7.00567e-09  7.90709e-10  0.000552109  -0.00640302  1.90178e-05   -0.0105416 -0.000921514    -0.268899   -0.0921675   -0.0141188     0.637812     0.875167     0.693115    0.0346989     -1.76496      1.55487     0.973808      2.33637    -0.800299     -1.80743     0.752229     -2.18732    -0.898361      2.52929
   -0.373924  2.31857e-09 -1.61213e-09  2.41159e-05   -0.0215894   -0.0194917    0.0263015    0.0317142      1.95236     -1.19929    0.0290923      1.00525     -1.77775     -1.25876     0.841149     0.206216     -1.60735    -0.348162     -1.23377     0.217515    -0.369534    0.0779303      1.84562    -0.692906      1.41731
     1.37554 -4.24335e-10  4.33128e-09 -0.000105642    0.0103224    0.0445385 -0.000299257    -0.045699    -0.324587    -0.192072    -0.062929    -0.761059     0.567134      1.70542     -1.69742      1.36287     -1.35752    0.0936309    0.0396594     0.865299    -0.418994     0.123935    -0.872901    -0.201525      2.82271
     1.26173  2.13703e-08 -1.37157e-07   0.00100793  -0.00500161    0.0138637   0.00754088  -0.00328274    -0.289152     -1.53907   -0.0065994       0.6712    -0.152496      2.22541    -0.994965      2.66811     0.884353      1.50993      1.82817     -1.16061      2.93547      1.90827     -3.11574      1.57175      1.70253
   -0.601841 -7.47868e-11  5.58604e-11  0.000164239 -0.000592927 -0.000706434   0.00135461  0.000899961      2.03576      1.29106  -0.00199972      2.60969     -1.57892      2.68296      2.04988     -3.03203      1.88408      2.38953     0.140822     0.317156    -0.269129    -0.248418    -0.116853    0.0397324     -1.92185
  -0.596403 4.24654e-11 1.12063e-10  0.00067802 -0.00770064  -0.0078208 -0.00757627  0.00531107     1.78117    0.909614  0.00171225    -1.92374    0.422264    -2.67985       1.421   -0.608164   -0.537027    0.544598   0.0787568     1.16141   -0.853456     1.93058   -0.188436     1.09713     1.46477
  -0.216438 7.53977e-09 9.47023e-09 0.000828195   0.0322339 -0.00549124 0.000586986 -0.00762976     2.32883   0.0697239  -0.0223792    -0.53647    0.950829    -1.01698     1.10449    -1.78922     1.35378       1.947     2.28501     -1.0134    -1.73002    0.112156    -2.42456    -1.94589    -2.09508
   -0.811606 -1.74864e-09  6.96058e-10 -0.000118082   -0.0423567    0.0328963    -0.017998   -0.0446699      1.62573      1.26396    0.0327099      1.02995     -1.07664       2.1542      2.02557     -2.78521      1.61701    -0.500394       2.2148      1.57847      -2.7585     0.544217    -0.207863      1.88747      2.11335
   -0.735631  3.32601e-11 -2.22122e-10  0.000823342   -0.0368752    0.0190024  0.000534139    0.0405346      1.75632    -0.704773     0.011873     0.234106     -1.47722      2.75254      2.14706    -0.674573     -1.46569       1.3768     -3.01526      1.69077    -0.888733       1.5929     -2.82581      1.05854     -3.09978
   -0.921026    4.906e-09 -1.62317e-09  0.000635863    0.0180851   -0.0284861  -0.00418155   -0.0265855      1.35649     0.773042    0.0208346     -0.57414    -0.120967      1.17837    -0.560922     0.889047     0.205817     -1.46945      1.41869    0.0377875    -0.609639    0.0737695    -0.489922     -1.86404     -2.54168
  -0.0609644  -1.6611e-09  1.44965e-09 -0.000681293  -0.00471914  -0.00519332   0.00912651    0.0023081      2.74622     0.759575   0.00142677      2.97537     0.790944     -3.04161     0.616606     0.462185     -1.89969     0.937971     -2.74778     -2.03179     -2.93041     0.329102      1.81984     0.707838       -1.035
   -0.176571 -7.39458e-11 -2.57637e-10   0.00063057   -0.0295697   0.00140843   0.00336514    -0.014067      2.77213    -0.729987   0.00780943     0.752873     0.862499     -1.20533     -1.94884     -1.47858     -1.89885     -1.45943     -2.65517    -0.729106     0.882882      1.88844    0.0215027   -0.0503209     0.756687
 -0.00943141  9.58098e-10   1.0503e-09 -1.30378e-06   0.00841809   0.00289542     0.011505  0.000512995      2.63014     -1.23571   -0.0105004     -2.64554      1.05679      1.27057      1.74399      0.35701     -1.91866      1.71775     0.316377     -1.01875     -2.32636       1.6639      1.39056    -0.844606     -1.55175
     1.29424 -2.72587e-09  1.92654e-08  0.000344085   -0.0126408  -0.00860068   -0.0241095    0.0162291    -0.393047     0.337927  -0.00184566      2.76445     0.769539   -0.0490132     -1.75789     0.355087    -0.177007     -1.78514      2.66388    -0.139568      2.29596      -1.1911     0.177282     -1.47947     -2.70946
   -0.205303 -1.12696e-11 -1.63318e-10  6.17313e-05    0.0307592    0.0132091   0.00314523   -0.0160806      2.56011     0.884524   -0.0435989     0.396817    -0.143469    -0.958222    -0.973611      1.54342     -1.03343      1.57089     -2.96312     -1.42175     0.775657     -1.89782     0.279344    -0.333566     -2.81337
   -0.446595  3.51215e-11  3.11749e-10    0.0005467  -0.00113345 -0.000513761   0.00382264  -0.00281277      1.92928     0.910164   0.00622982     -2.97337     0.488644      1.59234      1.95375     -3.14563     -1.63006      2.40464    -0.349559      1.90443    -0.895416     0.813824     -2.38053     -1.67228      1.32665
   -0.908709 -1.90416e-09  6.58193e-10 -0.000225806    0.0342329    0.0903656   0.00617045   -0.0674853      1.33101     -1.12136   -0.0180537      2.57315      1.41489    -0.977699      1.10076      3.17695     -2.03751     -2.00597    -0.521204    0.0941651     0.292152     -1.42584    0.0959708      1.83294     0.792801
   -0.382116  4.14883e-10  1.07746e-10 -0.000594375    0.0429086    0.0040571   -0.0258643   0.00685095      2.18064     0.655685    0.0545558     -3.20623     0.258981    -0.388971      1.43996     -3.00545       1.5435      1.72526     0.145285      1.67548     0.130233   0.00204281     0.647463      1.75261     0.311159
    -1.01008  2.86966e-09 -8.17241e-10 -0.000344396    0.0342008   -0.0310645    0.0040588  0.000791157      1.37783    -0.616365   -0.0436651      2.60237     -1.46886     -1.85413    -0.891702      1.43928      1.36797    -0.402701    -0.385712     -1.99905    0.0770041    -0.759009     0.874253    -0.857236     -1.25894
   -0.926783   8.5405e-12 -6.85712e-12  -0.00098759  -0.00901341   -0.0197952   -0.0194802    0.0180903      1.41069    -0.570381   0.00125614     0.782594     -1.27379      1.82956      1.83674    -0.493943      1.68708      2.23758      1.98785      1.17202      1.38421    0.0942001      3.00756      1.87167    -0.738861
   -0.849705 -3.51219e-09  1.29748e-09  0.000601428  -0.00211674   0.00218833  -0.00079198   0.00981332      1.34625     0.616414  -0.00174789     -2.38578     0.562985    -0.364527     -1.87627     0.634157      1.82174    -0.251018     -2.88423     -1.10807      3.02788     0.611818     0.238453      1.36916     -3.09243
   -0.952417 -4.34971e-09  1.37549e-09 -0.000626737    -0.028433     0.020119    0.0375756   0.00643052      1.58307     0.901274    -0.113676     -2.67874     -1.81918     -2.84738    -0.232949     -1.66291     -1.67708     -2.75617     0.405034     -0.11527     -1.46652    0.0816794       1.0107     0.305251     0.584446
   -0.599279  7.20967e-10 -4.23902e-10  0.000718165   -0.0136026    0.0293423    0.0204937   -0.0101839      2.11391     -0.99853    -0.046516      2.54697      1.76278      0.36479      -1.0491      2.62216    -0.765253     -1.65521    -0.771214     -1.03979     -0.55673      1.27549      2.66602     -1.53765     -1.91886
   -0.536532  5.77592e-10 -3.29773e-10 -6.91196e-05   0.00879089  -0.00956186    0.0223467   0.00432386      1.92854    -0.470731   0.00630982     0.217532     -1.99152     -2.18174    -0.936663     -1.72514     -1.82261     0.442782      1.71381     0.698212     -1.78806      1.89335     -1.32352   -0.0117629       2.5389
